-1 2.000000 4.000000 5.000000 2.000000 3.000000 4.000000
0 1.204238 4.605609 5.000000 1.996031 2.994784 4.000000
1 2.538399 3.157310 5.000000 2.005523 3.003529 4.000000
2 1.395387 4.796519 5.000000 1.994779 2.996037 4.000000
3 1.055796 4.329360 5.000000 1.997841 2.993811 4.000000
4 1.581667 4.908294 5.000000 1.994047 2.997258 4.000000
5 2.756016 3.345447 5.000000 2.004290 3.004955 4.000000
6 2.995211 4.097754 5.000000 1.999359 3.006523 4.000000
7 1.136362 3.495887 5.000000 2.003304 2.994339 4.000000
8 2.539172 4.842196 5.000000 1.994480 3.003534 4.000000
9 1.255249 4.667342 5.000000 1.995626 2.995119 4.000000
