 665056.750000 -4062601.750000 214411.953125
  -188047.421875 -2598464.500000 -3055975.750000
  -2477006.250000 -111833.914062 -3050382.750000
  -408842.843750 -1709212.875000 3488171.500000
  -650623.500000 1021247.312500 1735447.125000
  -1082635.875000 1348823.250000 -2849298.000000
  1044920.125000 1724165.625000 -1112615.500000
  -812386.312500 2444325.750000 -773826.375000
  3031246.750000 549323.000000 162811.734375
  -2783014.500000 -2303024.750000 946056.562500
  -391785.125000 -1817354.875000 -3068804.250000
  1500903.375000 1474111.750000 3420938.750000
  -3050772.000000 -399803.281250 -1116003.125000
  142746.000000 1400294.750000 -1127431.750000
  -1317362.500000 -322835.843750 1956479.500000
  -3445162.500000 127971.218750 2200005.750000
  -1386695.125000 544776.750000 2474321.500000
  722723.875000 -3782720.250000 -1012011.000000
  2792423.750000 -309108.250000 -2128293.000000
  -1177937.000000 2044677.500000 -2945572.500000
  -309429.437500 -3336719.750000 2188558.500000
  -543527.062500 1019719.375000 -3851058.000000
  -947610.750000 1299192.625000 1905183.375000
  2896995.000000 261947.468750 2335574.500000
  1667826.375000 -1419020.750000 -2267983.500000
  259962.796875 1883242.125000 121104.242188
  -2213330.000000 -1619367.750000 -881541.500000
  1552456.000000 -831824.375000 3175130.500000
  1442251.000000 2045699.500000 248451.593750
  1205183.625000 -1676896.500000 81378.507812
  1875454.875000 -825527.562500 -1044849.437500
  531406.000000 -285952.625000 -267163.312500
  -389687.187500 1312534.125000 -456977.031250
  -976182.250000 -2088166.125000 -2007785.000000
  439627.906250 -110448.179688 -479807.812500
  1061401.500000 -1050887.375000 -805100.937500
  -2650570.750000 -817256.187500 -306716.343750
  -525190.062500 -938440.437500 1254417.625000
  986984.937500 -54826.281250 3395088.500000
  -2185243.500000 -1857187.875000 2192289.250000
  -526276.750000 -2281112.000000 2833892.750000
  2249442.250000 980704.687500 2998647.750000
  -1811417.750000 217499.546875 3152480.250000
  -509895.750000 2809833.500000 404323.750000
  366136.687500 -67546.054688 -922468.562500
  426998.062500 857622.562500 3902106.000000
  2582083.500000 -46673.296875 1912739.250000
  2644037.750000 -2182446.000000 -382661.000000
  -1022466.312500 1286350.375000 484705.781250
  -1869803.625000 625048.562500 -3489773.750000
  -1555226.875000 209899.859375 3577918.000000
  -1107445.250000 -2730654.500000 -833993.750000
  1670152.125000 -2921130.750000 -2173512.500000
  2001253.000000 1139902.250000 -1184875.375000
  -2973129.250000 -1996396.875000 -446486.406250
  458643.625000 128926.687500 -2932918.750000
  286261.531250 1396077.250000 -2788776.000000
  -1382202.375000 -223146.218750 -1614402.000000
  -653725.187500 -2423559.000000 -1191672.125000
  -1016740.687500 1997173.125000 -919190.750000
  738712.437500 -2794623.000000 -986033.250000
  -2316096.000000 -503380.468750 -294478.156250
  17291.398438 3947940.750000 63221.960938
  3334314.000000 702071.937500 -1037716.625000
  -164246.343750 -3455416.500000 -870537.062500
  946280.312500 1077342.250000 3576114.500000
  2467645.000000 662234.937500 1113103.625000
  -3747923.250000 -344965.375000 -1196859.375000
  -4073715.500000 -243939.906250 553203.125000
  -2075028.125000 -411590.531250 3403093.500000
  -2098097.750000 -2405234.250000 1078652.875000
  -953353.125000 -648831.000000 902490.812500
  814061.375000 -2694982.750000 -2235470.750000
  -1029265.937500 1306595.250000 -1618533.125000
  -1221829.125000 -1317095.125000 1501558.500000
  1173540.750000 2210712.500000 -1555593.000000
  -2384492.250000 2181656.000000 1683016.500000
  -2611866.250000 757121.375000 -1124006.000000
  1055152.000000 -203554.781250 -1965307.750000
  204301.843750 2032119.250000 -2522732.750000
  -169511.750000 -1738248.125000 2922803.750000
  -1863814.750000 -707246.125000 2284842.500000
  1305631.500000 -2538007.000000 271391.593750
  -1759235.875000 2249603.750000 2513655.000000
  -331812.562500 -1193847.000000 239035.890625
  -860280.000000 -479721.750000 3681108.000000
  946325.437500 -659862.312500 2148855.750000
  -948410.000000 -3850037.500000 986824.250000
  471587.812500 -1533158.750000 1114753.500000
  -1056018.875000 2061209.000000 1516593.875000
  1038835.062500 1972613.750000 1144636.500000
  1115583.875000 2787985.250000 2741702.750000
  -2349015.250000 -20685.583984 -3058302.000000
  -677838.937500 -2705354.500000 -544732.062500
  -2581931.250000 -625136.187500 -949664.687500
  59124.789062 -4090157.250000 -412827.062500
  -1612149.500000 2423615.250000 2206817.500000
  -954422.937500 486213.781250 1190154.125000
  963932.937500 -318498.312500 -1912765.000000
  -1539759.125000 -2727496.500000 2149321.500000
  665056.750000 -4062601.750000 214411.953125
  -188047.421875 -2598464.500000 -3055975.750000
  -2477006.250000 -111833.914062 -3050382.750000
  -408842.843750 -1709212.875000 3488171.500000
  -650623.500000 1021247.312500 1735447.125000
  -1082635.875000 1348823.250000 -2849298.000000
  1044920.125000 1724165.625000 -1112615.500000
  -812386.312500 2444325.750000 -773826.375000
  3031246.750000 549323.000000 162811.734375
  -2783014.500000 -2303024.750000 946056.562500
  -391785.125000 -1817354.875000 -3068804.250000
  1500903.375000 1474111.750000 3420938.750000
  -3050772.000000 -399803.281250 -1116003.125000
  142746.000000 1400294.750000 -1127431.750000
  -1317362.500000 -322835.843750 1956479.500000
  -3445162.500000 127971.218750 2200005.750000
  -1386695.125000 544776.750000 2474321.500000
  722723.875000 -3782720.250000 -1012011.000000
  2792423.750000 -309108.250000 -2128293.000000
  -1177937.000000 2044677.500000 -2945572.500000
  -309429.437500 -3336719.750000 2188558.500000
  -543527.062500 1019719.375000 -3851058.000000
  -947610.750000 1299192.625000 1905183.375000
  2896995.000000 261947.468750 2335574.500000
  1667826.375000 -1419020.750000 -2267983.500000
  259962.796875 1883242.125000 121104.242188
  -2213330.000000 -1619367.750000 -881541.500000
  1552456.000000 -831824.375000 3175130.500000
  1442251.000000 2045699.500000 248451.593750
  1205183.625000 -1676896.500000 81378.507812
  1875454.875000 -825527.562500 -1044849.437500
  531406.000000 -285952.625000 -267163.312500
  -389687.187500 1312534.125000 -456977.031250
  -976182.250000 -2088166.125000 -2007785.000000
  439627.906250 -110448.179688 -479807.812500
  1061401.500000 -1050887.375000 -805100.937500
  -2650570.750000 -817256.187500 -306716.343750
  -525190.062500 -938440.437500 1254417.625000
  986984.937500 -54826.281250 3395088.500000
  -2185243.500000 -1857187.875000 2192289.250000
  -526276.750000 -2281112.000000 2833892.750000
  2249442.250000 980704.687500 2998647.750000
  -1811417.750000 217499.546875 3152480.250000
  -509895.750000 2809833.500000 404323.750000
  366136.687500 -67546.054688 -922468.562500
  426998.062500 857622.562500 3902106.000000
  2582083.500000 -46673.296875 1912739.250000
  2644037.750000 -2182446.000000 -382661.000000
  -1022466.312500 1286350.375000 484705.781250
  -1869803.625000 625048.562500 -3489773.750000
  -1555226.875000 209899.859375 3577918.000000
  -1107445.250000 -2730654.500000 -833993.750000
  1670152.125000 -2921130.750000 -2173512.500000
  2001253.000000 1139902.250000 -1184875.375000
  -2973129.250000 -1996396.875000 -446486.406250
  458643.625000 128926.687500 -2932918.750000
  286261.531250 1396077.250000 -2788776.000000
  -1382202.375000 -223146.218750 -1614402.000000
  -653725.187500 -2423559.000000 -1191672.125000
  -1016740.687500 1997173.125000 -919190.750000
  738712.437500 -2794623.000000 -986033.250000
  -2316096.000000 -503380.468750 -294478.156250
  17291.398438 3947940.750000 63221.960938
  3334314.000000 702071.937500 -1037716.625000
  -164246.343750 -3455416.500000 -870537.062500
  946280.312500 1077342.250000 3576114.500000
  2467645.000000 662234.937500 1113103.625000
  -3747923.250000 -344965.375000 -1196859.375000
  -4073715.500000 -243939.906250 553203.125000
  -2075028.125000 -411590.531250 3403093.500000
  -2098097.750000 -2405234.250000 1078652.875000
  -953353.125000 -648831.000000 902490.812500
  814061.375000 -2694982.750000 -2235470.750000
  -1029265.937500 1306595.250000 -1618533.125000
  -1221829.125000 -1317095.125000 1501558.500000
  1173540.750000 2210712.500000 -1555593.000000
  -2384492.250000 2181656.000000 1683016.500000
  -2611866.250000 757121.375000 -1124006.000000
  1055152.000000 -203554.781250 -1965307.750000
  204301.843750 2032119.250000 -2522732.750000
  -169511.750000 -1738248.125000 2922803.750000
  -1863814.750000 -707246.125000 2284842.500000
  1305631.500000 -2538007.000000 271391.593750
  -1759235.875000 2249603.750000 2513655.000000
  -331812.562500 -1193847.000000 239035.890625
  -860280.000000 -479721.750000 3681108.000000
  946325.437500 -659862.312500 2148855.750000
  -948410.000000 -3850037.500000 986824.250000
  471587.812500 -1533158.750000 1114753.500000
  -1056018.875000 2061209.000000 1516593.875000
  1038835.062500 1972613.750000 1144636.500000
  1115583.875000 2787985.250000 2741702.750000
  -2349015.250000 -20685.583984 -3058302.000000
  -677838.937500 -2705354.500000 -544732.062500
  -2581931.250000 -625136.187500 -949664.687500
  59124.789062 -4090157.250000 -412827.062500
  -1612149.500000 2423615.250000 2206817.500000
  -954422.937500 486213.781250 1190154.125000
  963932.937500 -318498.312500 -1912765.000000
  -1539759.125000 -2727496.500000 2149321.500000
  665056.750000 -4062601.750000 214411.953125
  -188047.421875 -2598464.500000 -3055975.750000
  -2477006.250000 -111833.914062 -3050382.750000
  -408842.843750 -1709212.875000 3488171.500000
  -650623.500000 1021247.312500 1735447.125000
  -1082635.875000 1348823.250000 -2849298.000000
  1044920.125000 1724165.625000 -1112615.500000
  -812386.312500 2444325.750000 -773826.375000
  3031246.750000 549323.000000 162811.734375
  -2783014.500000 -2303024.750000 946056.562500
  -391785.125000 -1817354.875000 -3068804.250000
  1500903.375000 1474111.750000 3420938.750000
  -3050772.000000 -399803.281250 -1116003.125000
  142746.000000 1400294.750000 -1127431.750000
  -1317362.500000 -322835.843750 1956479.500000
  -3445162.500000 127971.218750 2200005.750000
  -1386695.125000 544776.750000 2474321.500000
  722723.875000 -3782720.250000 -1012011.000000
  2792423.750000 -309108.250000 -2128293.000000
  -1177937.000000 2044677.500000 -2945572.500000
  -309429.437500 -3336719.750000 2188558.500000
  -543527.062500 1019719.375000 -3851058.000000
  -947610.750000 1299192.625000 1905183.375000
  2896995.000000 261947.468750 2335574.500000
  1667826.375000 -1419020.750000 -2267983.500000
  259962.796875 1883242.125000 121104.242188
  -2213330.000000 -1619367.750000 -881541.500000
  1552456.000000 -831824.375000 3175130.500000
  1442251.000000 2045699.500000 248451.593750
  1205183.625000 -1676896.500000 81378.507812
  1875454.875000 -825527.562500 -1044849.437500
  531406.000000 -285952.625000 -267163.312500
  -389687.187500 1312534.125000 -456977.031250
  -976182.250000 -2088166.125000 -2007785.000000
  439627.906250 -110448.179688 -479807.812500
  1061401.500000 -1050887.375000 -805100.937500
  -2650570.750000 -817256.187500 -306716.343750
  -525190.062500 -938440.437500 1254417.625000
  986984.937500 -54826.281250 3395088.500000
  -2185243.500000 -1857187.875000 2192289.250000
  -526276.750000 -2281112.000000 2833892.750000
  2249442.250000 980704.687500 2998647.750000
  -1811417.750000 217499.546875 3152480.250000
  -509895.750000 2809833.500000 404323.750000
  366136.687500 -67546.054688 -922468.562500
  426998.062500 857622.562500 3902106.000000
  2582083.500000 -46673.296875 1912739.250000
  2644037.750000 -2182446.000000 -382661.000000
  -1022466.312500 1286350.375000 484705.781250
  -1869803.625000 625048.562500 -3489773.750000
  -1555226.875000 209899.859375 3577918.000000
  -1107445.250000 -2730654.500000 -833993.750000
  1670152.125000 -2921130.750000 -2173512.500000
  2001253.000000 1139902.250000 -1184875.375000
  -2973129.250000 -1996396.875000 -446486.406250
  458643.625000 128926.687500 -2932918.750000
  286261.531250 1396077.250000 -2788776.000000
  -1382202.375000 -223146.218750 -1614402.000000
  -653725.187500 -2423559.000000 -1191672.125000
  -1016740.687500 1997173.125000 -919190.750000
  738712.437500 -2794623.000000 -986033.250000
  -2316096.000000 -503380.468750 -294478.156250
  17291.367188 3947940.750000 63221.960938
  3334314.000000 702071.937500 -1037716.625000
  -164246.343750 -3455416.500000 -870537.062500
  946280.312500 1077342.250000 3576114.500000
  2467645.000000 662234.937500 1113103.625000
  -3747923.250000 -344965.375000 -1196859.375000
  -4073715.500000 -243939.906250 553203.125000
  -2075028.125000 -411590.531250 3403093.500000
  -2098097.750000 -2405234.250000 1078652.875000
  -953353.125000 -648831.000000 902490.812500
  814061.375000 -2694982.750000 -2235470.750000
  -1029265.937500 1306595.250000 -1618533.125000
  -1221829.125000 -1317095.125000 1501558.500000
  1173540.750000 2210712.500000 -1555593.000000
  -2384492.250000 2181656.000000 1683016.500000
  -2611866.250000 757121.375000 -1124006.000000
  1055152.000000 -203554.781250 -1965307.750000
  204301.843750 2032119.250000 -2522732.750000
  -169511.750000 -1738248.125000 2922803.750000
  -1863814.750000 -707246.125000 2284842.500000
  1305631.500000 -2538007.000000 271391.593750
  -1759235.875000 2249603.750000 2513655.000000
  -331812.562500 -1193847.000000 239035.890625
  -860280.000000 -479721.750000 3681108.000000
  946325.437500 -659862.312500 2148855.750000
  -948410.000000 -3850037.500000 986824.250000
  471587.812500 -1533158.750000 1114753.500000
  -1056018.875000 2061209.000000 1516593.875000
  1038835.062500 1972613.750000 1144636.500000
  1115583.875000 2787985.250000 2741702.750000
  -2349015.250000 -20685.615234 -3058302.000000
  -677838.937500 -2705354.500000 -544732.062500
  -2581931.250000 -625136.187500 -949664.687500
  59124.789062 -4090157.250000 -412827.062500
  -1612149.500000 2423615.250000 2206817.500000
  -954422.937500 486213.781250 1190154.125000
  963932.937500 -318498.312500 -1912765.000000
  -1539759.125000 -2727496.500000 2149321.500000
  665056.750000 -4062601.750000 214411.953125
  -188047.421875 -2598464.500000 -3055975.750000
  -2477006.250000 -111833.914062 -3050382.750000
  -408842.843750 -1709212.875000 3488171.500000
  -650623.500000 1021247.312500 1735447.125000
  -1082635.875000 1348823.250000 -2849298.000000
  1044920.125000 1724165.625000 -1112615.500000
  -812386.312500 2444325.750000 -773826.375000
  3031246.750000 549323.000000 162811.734375
  -2783014.500000 -2303024.750000 946056.562500
  -391785.125000 -1817354.875000 -3068804.250000
  1500903.375000 1474111.750000 3420938.750000
  -3050772.000000 -399803.281250 -1116003.125000
  142746.000000 1400294.750000 -1127431.750000
  -1317362.500000 -322835.843750 1956479.500000
  -3445162.500000 127971.218750 2200005.750000
  -1386695.125000 544776.750000 2474321.500000
  722723.875000 -3782720.250000 -1012011.000000
  2792423.750000 -309108.250000 -2128293.000000
  -1177937.000000 2044677.500000 -2945572.500000
  -309429.437500 -3336719.750000 2188558.500000
  -543527.062500 1019719.375000 -3851058.000000
  -947610.750000 1299192.625000 1905183.375000
  2896995.000000 261947.468750 2335574.500000
  1667826.375000 -1419020.750000 -2267983.500000
  259962.796875 1883242.125000 121104.242188
  -2213330.000000 -1619367.750000 -881541.500000
  1552456.000000 -831824.375000 3175130.500000
  1442251.000000 2045699.500000 248451.593750
  1205183.625000 -1676896.500000 81378.507812
  1875454.875000 -825527.562500 -1044849.437500
  531406.000000 -285952.625000 -267163.312500
  -389687.187500 1312534.125000 -456977.031250
  -976182.250000 -2088166.125000 -2007785.000000
  439627.906250 -110448.179688 -479807.812500
  1061401.500000 -1050887.375000 -805100.937500
  -2650570.750000 -817256.187500 -306716.343750
  -525190.062500 -938440.437500 1254417.625000
  986984.937500 -54826.281250 3395088.500000
  -2185243.500000 -1857187.875000 2192289.250000
  -526276.750000 -2281112.000000 2833892.750000
  2249442.250000 980704.687500 2998647.750000
  -1811417.750000 217499.546875 3152480.250000
  -509895.750000 2809833.500000 404323.750000
  366136.687500 -67546.054688 -922468.562500
  426998.062500 857622.562500 3902106.000000
  2582083.500000 -46673.296875 1912739.250000
  2644037.750000 -2182446.000000 -382661.000000
  -1022466.312500 1286350.375000 484705.781250
  -1869803.625000 625048.562500 -3489773.750000
  -1555226.875000 209899.859375 3577918.000000
  -1107445.250000 -2730654.500000 -833993.750000
  1670152.125000 -2921130.750000 -2173512.500000
  2001253.000000 1139902.250000 -1184875.375000
  -2973129.250000 -1996396.875000 -446486.406250
  458643.625000 128926.687500 -2932918.750000
  286261.531250 1396077.250000 -2788776.000000
  -1382202.375000 -223146.218750 -1614402.000000
  -653725.187500 -2423559.000000 -1191672.125000
  -1016740.687500 1997173.125000 -919190.750000
  738712.437500 -2794623.000000 -986033.250000
  -2316096.000000 -503380.468750 -294478.156250
  17291.269531 3947940.750000 63221.960938
  3334314.000000 702071.937500 -1037716.625000
  -164246.343750 -3455416.500000 -870537.062500
  946280.312500 1077342.250000 3576114.500000
  2467645.000000 662234.937500 1113103.625000
  -3747923.250000 -344965.375000 -1196859.375000
  -4073715.500000 -243939.906250 553203.125000
  -2075028.125000 -411590.531250 3403093.500000
  -2098097.750000 -2405234.250000 1078652.875000
  -953353.125000 -648831.000000 902490.812500
  814061.375000 -2694982.750000 -2235470.750000
  -1029265.937500 1306595.250000 -1618533.125000
  -1221829.125000 -1317095.125000 1501558.500000
  1173540.750000 2210712.500000 -1555593.000000
  -2384492.250000 2181656.000000 1683016.500000
  -2611866.250000 757121.375000 -1124006.000000
  1055152.000000 -203554.781250 -1965307.750000
  204301.843750 2032119.250000 -2522732.750000
  -169511.750000 -1738248.125000 2922803.750000
  -1863814.750000 -707246.125000 2284842.500000
  1305631.500000 -2538007.000000 271391.593750
  -1759235.875000 2249603.750000 2513655.000000
  -331812.562500 -1193847.000000 239035.890625
  -860280.000000 -479721.750000 3681108.000000
  946325.437500 -659862.312500 2148855.750000
  -948410.000000 -3850037.500000 986824.250000
  471587.812500 -1533158.750000 1114753.500000
  -1056018.875000 2061209.000000 1516593.875000
  1038835.062500 1972613.750000 1144636.500000
  1115583.875000 2787985.250000 2741702.750000
  -2349015.250000 -20685.712891 -3058302.000000
  -677838.937500 -2705354.500000 -544732.062500
  -2581931.250000 -625136.187500 -949664.687500
  59124.789062 -4090157.250000 -412827.062500
  -1612149.500000 2423615.250000 2206817.500000
  -954422.937500 486213.781250 1190154.125000
  963932.937500 -318498.312500 -1912765.000000
  -1539759.125000 -2727496.500000 2149321.500000
  665056.750000 -4062601.750000 214411.953125
  -188047.421875 -2598464.500000 -3055975.750000
  -2477006.250000 -111833.914062 -3050382.750000
  -408842.843750 -1709212.875000 3488171.500000
  -650623.500000 1021247.312500 1735447.125000
  -1082635.875000 1348823.250000 -2849298.000000
  1044920.125000 1724165.625000 -1112615.500000
  -812386.312500 2444325.750000 -773826.375000
  3031246.750000 549323.000000 162811.734375
  -2783014.500000 -2303024.750000 946056.562500
  -391785.125000 -1817354.875000 -3068804.250000
  1500903.375000 1474111.750000 3420938.750000
  -3050772.000000 -399803.281250 -1116003.125000
  142746.000000 1400294.750000 -1127431.750000
  -1317362.500000 -322835.843750 1956479.500000
  -3445162.500000 127971.218750 2200005.750000
  -1386695.125000 544776.750000 2474321.500000
  722723.875000 -3782720.250000 -1012011.000000
  2792423.750000 -309108.250000 -2128293.000000
  -1177937.000000 2044677.500000 -2945572.500000
  -309429.437500 -3336719.750000 2188558.500000
  -543527.062500 1019719.375000 -3851058.000000
  -947610.750000 1299192.625000 1905183.375000
  2896995.000000 261947.468750 2335574.500000
  1667826.375000 -1419020.750000 -2267983.500000
  259962.796875 1883242.125000 121104.242188
  -2213330.000000 -1619367.750000 -881541.500000
  1552456.000000 -831824.375000 3175130.500000
  1442251.000000 2045699.500000 248451.593750
  1205183.625000 -1676896.500000 81378.507812
  1875454.875000 -825527.562500 -1044849.437500
  531406.000000 -285952.625000 -267163.312500
  -389687.187500 1312534.125000 -456977.031250
  -976182.250000 -2088166.125000 -2007785.000000
  439627.906250 -110448.179688 -479807.812500
  1061401.500000 -1050887.375000 -805100.937500
  -2650570.750000 -817256.187500 -306716.343750
  -525190.062500 -938440.437500 1254417.625000
  986984.937500 -54826.281250 3395088.500000
  -2185243.500000 -1857187.875000 2192289.250000
  -526276.750000 -2281112.000000 2833892.750000
  2249442.250000 980704.687500 2998647.750000
  -1811417.750000 217499.546875 3152480.250000
  -509895.750000 2809833.500000 404323.750000
  366136.687500 -67546.054688 -922468.562500
  426998.062500 857622.562500 3902106.000000
  2582083.500000 -46673.296875 1912739.250000
  2644037.750000 -2182446.000000 -382661.000000
  -1022466.312500 1286350.375000 484705.781250
  -1869803.625000 625048.562500 -3489773.750000
  -1555226.875000 209899.859375 3577918.000000
  -1107445.250000 -2730654.500000 -833993.750000
  1670152.125000 -2921130.750000 -2173512.500000
  2001253.000000 1139902.250000 -1184875.375000
  -2973129.250000 -1996396.875000 -446486.406250
  458643.625000 128926.687500 -2932918.750000
  286261.531250 1396077.250000 -2788776.000000
  -1382202.375000 -223146.218750 -1614402.000000
  -653725.187500 -2423559.000000 -1191672.125000
  -1016740.687500 1997173.125000 -919190.750000
  738712.437500 -2794623.000000 -986033.250000
  -2316096.000000 -503380.468750 -294478.156250
  17291.171875 3947940.750000 63221.960938
  3334314.000000 702071.937500 -1037716.625000
  -164246.343750 -3455416.500000 -870537.062500
  946280.312500 1077342.250000 3576114.500000
  2467645.000000 662234.937500 1113103.625000
  -3747923.250000 -344965.375000 -1196859.375000
  -4073715.500000 -243939.906250 553203.125000
  -2075028.125000 -411590.531250 3403093.500000
  -2098097.750000 -2405234.250000 1078652.875000
  -953353.125000 -648831.000000 902490.812500
  814061.375000 -2694982.750000 -2235470.750000
  -1029265.937500 1306595.250000 -1618533.125000
  -1221829.125000 -1317095.125000 1501558.500000
  1173540.750000 2210712.500000 -1555593.000000
  -2384492.250000 2181656.000000 1683016.500000
  -2611866.250000 757121.375000 -1124006.000000
  1055152.000000 -203554.781250 -1965307.750000
  204301.843750 2032119.250000 -2522732.750000
  -169511.750000 -1738248.125000 2922803.750000
  -1863814.750000 -707246.125000 2284842.500000
  1305631.500000 -2538007.000000 271391.593750
  -1759235.875000 2249603.750000 2513655.000000
  -331812.562500 -1193847.000000 239035.890625
  -860280.000000 -479721.750000 3681108.000000
  946325.437500 -659862.312500 2148855.750000
  -948410.000000 -3850037.500000 986824.250000
  471587.812500 -1533158.750000 1114753.500000
  -1056018.875000 2061209.000000 1516593.875000
  1038835.062500 1972613.750000 1144636.500000
  1115583.875000 2787985.250000 2741702.750000
  -2349015.250000 -20685.810547 -3058302.000000
  -677838.937500 -2705354.500000 -544732.062500
  -2581931.250000 -625136.187500 -949664.687500
  59124.667969 -4090157.250000 -412827.062500
  -1612149.500000 2423615.250000 2206817.500000
  -954422.937500 486213.781250 1190154.125000
  963932.937500 -318498.312500 -1912765.000000
  -1539759.125000 -2727496.500000 2149321.500000
  665056.750000 -4062601.750000 214411.953125
  -188047.421875 -2598464.500000 -3055975.750000
  -2477006.250000 -111833.914062 -3050382.750000
  -408842.843750 -1709212.875000 3488171.500000
  -650623.500000 1021247.312500 1735447.125000
  -1082635.875000 1348823.250000 -2849298.000000
  1044920.125000 1724165.625000 -1112615.500000
  -812386.312500 2444325.750000 -773826.375000
  3031246.750000 549323.000000 162811.734375
  -2783014.500000 -2303024.750000 946056.562500
  -391785.125000 -1817354.875000 -3068804.250000
  1500903.375000 1474111.750000 3420938.750000
  -3050772.000000 -399803.281250 -1116003.125000
  142746.000000 1400294.750000 -1127431.750000
  -1317362.500000 -322835.843750 1956479.500000
  -3445162.500000 127971.023438 2200005.750000
  -1386695.125000 544776.750000 2474321.500000
  722723.875000 -3782720.250000 -1012011.000000
  2792423.750000 -309108.250000 -2128293.000000
  -1177937.000000 2044677.500000 -2945572.500000
  -309429.437500 -3336719.750000 2188558.500000
  -543527.062500 1019719.375000 -3851058.000000
  -947610.750000 1299192.625000 1905183.375000
  2896995.000000 261947.468750 2335574.500000
  1667826.375000 -1419020.750000 -2267983.500000
  259962.796875 1883242.125000 121104.242188
  -2213330.000000 -1619367.750000 -881541.500000
  1552456.000000 -831824.375000 3175130.500000
  1442251.000000 2045699.500000 248451.593750
  1205183.625000 -1676896.500000 81378.507812
  1875454.875000 -825527.562500 -1044849.437500
  531406.000000 -285952.625000 -267163.312500
  -389687.187500 1312534.125000 -456977.031250
  -976182.250000 -2088166.125000 -2007785.000000
  439627.906250 -110448.179688 -479807.812500
  1061401.500000 -1050887.375000 -805100.937500
  -2650570.750000 -817256.187500 -306716.343750
  -525190.062500 -938440.437500 1254417.625000
  986984.937500 -54826.281250 3395088.500000
  -2185243.500000 -1857187.875000 2192289.250000
  -526276.750000 -2281112.000000 2833892.750000
  2249442.250000 980704.687500 2998647.750000
  -1811417.750000 217499.546875 3152480.250000
  -509895.750000 2809833.500000 404323.750000
  366136.687500 -67546.054688 -922468.562500
  426998.062500 857622.562500 3902106.000000
  2582083.500000 -46673.296875 1912739.250000
  2644037.750000 -2182446.000000 -382661.000000
  -1022466.312500 1286350.375000 484705.781250
  -1869803.625000 625048.562500 -3489773.750000
  -1555226.875000 209899.859375 3577918.000000
  -1107445.250000 -2730654.500000 -833993.750000
  1670152.125000 -2921130.750000 -2173512.500000
  2001253.000000 1139902.250000 -1184875.375000
  -2973129.250000 -1996396.875000 -446486.406250
  458643.625000 128926.687500 -2932918.750000
  286261.531250 1396077.250000 -2788776.000000
  -1382202.375000 -223146.218750 -1614402.000000
  -653725.187500 -2423559.000000 -1191672.125000
  -1016740.687500 1997173.125000 -919190.750000
  738712.437500 -2794623.000000 -986033.250000
  -2316096.000000 -503380.468750 -294478.156250
  17291.074219 3947940.750000 63221.960938
  3334314.000000 702071.937500 -1037716.625000
  -164246.343750 -3455416.500000 -870537.062500
  946280.312500 1077342.250000 3576114.500000
  2467645.000000 662234.937500 1113103.625000
  -3747923.250000 -344965.375000 -1196859.375000
  -4073715.500000 -243939.906250 553203.125000
  -2075028.125000 -411590.531250 3403093.500000
  -2098097.750000 -2405234.250000 1078652.875000
  -953353.125000 -648831.000000 902490.812500
  814061.375000 -2694982.750000 -2235470.750000
  -1029265.937500 1306595.250000 -1618533.125000
  -1221829.125000 -1317095.125000 1501558.500000
  1173540.750000 2210712.500000 -1555593.000000
  -2384492.250000 2181656.000000 1683016.500000
  -2611866.250000 757121.375000 -1124006.000000
  1055152.000000 -203554.781250 -1965307.750000
  204301.843750 2032119.250000 -2522732.750000
  -169511.750000 -1738248.125000 2922803.750000
  -1863814.750000 -707246.125000 2284842.500000
  1305631.500000 -2538007.000000 271391.593750
  -1759235.875000 2249603.750000 2513655.000000
  -331812.562500 -1193847.000000 239035.890625
  -860280.000000 -479721.750000 3681108.000000
  946325.437500 -659862.312500 2148855.750000
  -948410.000000 -3850037.500000 986824.250000
  471587.812500 -1533158.750000 1114753.500000
  -1056018.875000 2061209.000000 1516593.875000
  1038835.062500 1972613.750000 1144636.500000
  1115583.875000 2787985.250000 2741702.750000
  -2349015.250000 -20685.908203 -3058302.000000
  -677838.937500 -2705354.500000 -544732.062500
  -2581931.250000 -625136.187500 -949664.687500
  59124.472656 -4090157.250000 -412827.062500
  -1612149.500000 2423615.250000 2206817.500000
  -954422.937500 486213.781250 1190154.125000
  963932.937500 -318498.312500 -1912765.000000
  -1539759.125000 -2727496.500000 2149321.500000
  665056.750000 -4062601.750000 214411.953125
  -188047.421875 -2598464.500000 -3055975.750000
  -2477006.250000 -111833.914062 -3050382.750000
  -408842.843750 -1709212.875000 3488171.500000
  -650623.500000 1021247.312500 1735447.125000
  -1082635.875000 1348823.250000 -2849298.000000
  1044920.125000 1724165.625000 -1112615.500000
  -812386.312500 2444325.750000 -773826.375000
  3031246.750000 549323.000000 162811.734375
  -2783014.500000 -2303024.750000 946056.562500
  -391785.125000 -1817354.875000 -3068804.250000
  1500903.375000 1474111.750000 3420938.750000
  -3050772.000000 -399803.281250 -1116003.125000
  142746.000000 1400294.750000 -1127431.750000
  -1317362.500000 -322835.843750 1956479.500000
  -3445162.500000 127970.632812 2200005.750000
  -1386695.125000 544776.750000 2474321.500000
  722723.875000 -3782720.250000 -1012011.000000
  2792423.750000 -309108.250000 -2128293.000000
  -1177937.000000 2044677.500000 -2945572.500000
  -309429.437500 -3336719.750000 2188558.500000
  -543527.062500 1019719.375000 -3851058.000000
  -947610.750000 1299192.625000 1905183.375000
  2896995.000000 261947.468750 2335574.500000
  1667826.375000 -1419020.750000 -2267983.500000
  259962.156250 1883242.125000 121104.242188
  -2213330.000000 -1619367.750000 -881541.500000
  1552456.000000 -831824.375000 3175130.500000
  1442251.000000 2045699.500000 248451.593750
  1205183.625000 -1676896.500000 81378.507812
  1875454.875000 -825527.562500 -1044849.437500
  531406.000000 -285952.625000 -267163.312500
  -389687.187500 1312534.125000 -456977.031250
  -976182.250000 -2088166.125000 -2007785.000000
  439627.906250 -110448.179688 -479807.812500
  1061401.500000 -1050887.375000 -805100.937500
  -2650570.750000 -817256.187500 -306716.343750
  -525190.062500 -938440.437500 1254417.625000
  986984.937500 -54826.281250 3395088.500000
  -2185243.500000 -1857187.875000 2192289.250000
  -526276.750000 -2281112.000000 2833892.750000
  2249442.250000 980704.687500 2998647.750000
  -1811417.750000 217499.546875 3152480.250000
  -509895.750000 2809833.500000 404323.750000
  366136.687500 -67546.054688 -922468.562500
  426998.062500 857622.562500 3902106.000000
  2582083.500000 -46673.296875 1912739.250000
  2644037.750000 -2182446.000000 -382661.000000
  -1022466.312500 1286350.375000 484705.781250
  -1869803.625000 625048.562500 -3489773.750000
  -1555226.875000 209899.859375 3577918.000000
  -1107445.250000 -2730654.500000 -833993.750000
  1670152.125000 -2921130.750000 -2173512.500000
  2001253.000000 1139902.250000 -1184875.375000
  -2973129.250000 -1996396.875000 -446486.406250
  458643.625000 128926.531250 -2932918.750000
  286261.531250 1396077.250000 -2788776.000000
  -1382202.375000 -223146.218750 -1614402.000000
  -653725.187500 -2423559.000000 -1191672.125000
  -1016740.687500 1997173.125000 -919190.750000
  738712.437500 -2794623.000000 -986033.250000
  -2316096.000000 -503380.468750 -294478.156250
  17290.888672 3947940.750000 63221.960938
  3334314.000000 702071.937500 -1037716.625000
  -164246.343750 -3455416.500000 -870537.062500
  946280.312500 1077342.250000 3576114.500000
  2467645.000000 662234.937500 1113103.625000
  -3747923.250000 -344965.375000 -1196859.375000
  -4073715.500000 -243939.906250 553203.125000
  -2075028.125000 -411590.531250 3403093.500000
  -2098097.750000 -2405234.250000 1078652.875000
  -953353.125000 -648831.000000 902490.812500
  814061.375000 -2694982.750000 -2235470.750000
  -1029265.937500 1306595.250000 -1618533.125000
  -1221829.125000 -1317095.125000 1501558.500000
  1173540.750000 2210712.500000 -1555593.000000
  -2384492.250000 2181656.000000 1683016.500000
  -2611866.250000 757121.375000 -1124006.000000
  1055152.000000 -203554.781250 -1965307.750000
  204301.843750 2032119.250000 -2522732.750000
  -169511.750000 -1738248.125000 2922803.750000
  -1863814.750000 -707246.125000 2284842.500000
  1305631.500000 -2538007.000000 271391.593750
  -1759235.875000 2249603.750000 2513655.000000
  -331812.562500 -1193847.000000 239035.890625
  -860280.000000 -479721.750000 3681108.000000
  946325.437500 -659862.312500 2148855.750000
  -948410.000000 -3850037.500000 986824.250000
  471587.812500 -1533158.750000 1114753.500000
  -1056018.875000 2061209.000000 1516593.875000
  1038835.062500 1972613.750000 1144636.500000
  1115583.875000 2787985.250000 2741702.750000
  -2349015.250000 -20686.095703 -3058302.000000
  -677838.937500 -2705354.500000 -544732.062500
  -2581931.250000 -625136.187500 -949664.687500
  59124.277344 -4090157.250000 -412827.062500
  -1612149.500000 2423615.250000 2206817.500000
  -954422.937500 486213.781250 1190154.125000
  963932.937500 -318498.312500 -1912765.000000
  -1539759.125000 -2727496.500000 2149321.500000
  665056.750000 -4062601.750000 214411.953125
  -188047.421875 -2598464.500000 -3055975.750000
  -2477006.250000 -111833.914062 -3050382.750000
  -408842.843750 -1709212.875000 3488171.500000
  -650623.500000 1021247.312500 1735447.125000
  -1082635.875000 1348823.250000 -2849298.000000
  1044920.125000 1724165.625000 -1112615.500000
  -812386.312500 2444325.750000 -773826.375000
  3031246.750000 549323.000000 162811.734375
  -2783014.500000 -2303024.750000 946056.562500
  -391785.125000 -1817354.875000 -3068804.250000
  1500903.375000 1474111.750000 3420938.750000
  -3050772.000000 -399803.281250 -1116003.125000
  142746.000000 1400294.750000 -1127431.750000
  -1317362.500000 -322835.843750 1956479.500000
  -3445162.500000 127970.242188 2200005.750000
  -1386695.125000 544776.750000 2474321.500000
  722723.875000 -3782720.250000 -1012011.000000
  2792423.750000 -309108.250000 -2128293.000000
  -1177937.000000 2044677.500000 -2945572.500000
  -309429.437500 -3336719.750000 2188558.500000
  -543527.062500 1019719.375000 -3851058.000000
  -947610.750000 1299192.625000 1905183.375000
  2896995.000000 261947.468750 2335574.500000
  1667826.375000 -1419020.750000 -2267983.500000
  259961.375000 1883242.125000 121104.242188
  -2213330.000000 -1619367.750000 -881541.500000
  1552456.000000 -831824.375000 3175130.500000
  1442251.000000 2045699.500000 248451.593750
  1205183.625000 -1676896.500000 81378.507812
  1875454.875000 -825527.562500 -1044849.437500
  531406.000000 -285952.625000 -267163.312500
  -389687.187500 1312534.125000 -456977.031250
  -976182.250000 -2088166.125000 -2007785.000000
  439627.906250 -110448.507812 -479807.812500
  1061401.500000 -1050887.375000 -805100.937500
  -2650570.750000 -817256.187500 -306716.343750
  -525190.062500 -938440.437500 1254417.625000
  986984.937500 -54826.281250 3395088.500000
  -2185243.500000 -1857187.875000 2192289.250000
  -526276.750000 -2281112.000000 2833892.750000
  2249442.250000 980704.687500 2998647.750000
  -1811417.750000 217499.062500 3152480.250000
  -509895.750000 2809833.500000 404323.750000
  366136.687500 -67546.171875 -922468.562500
  426998.062500 857622.562500 3902106.000000
  2582083.500000 -46673.296875 1912739.250000
  2644037.750000 -2182446.000000 -382661.000000
  -1022466.312500 1286350.375000 484705.781250
  -1869803.625000 625048.562500 -3489773.750000
  -1555226.875000 209899.703125 3577918.000000
  -1107445.250000 -2730654.500000 -833993.750000
  1670152.125000 -2921130.750000 -2173512.500000
  2001253.000000 1139902.250000 -1184875.375000
  -2973129.250000 -1996396.875000 -446486.406250
  458643.625000 128926.140625 -2932918.750000
  286261.531250 1396077.250000 -2788776.000000
  -1382202.375000 -223146.218750 -1614402.000000
  -653725.187500 -2423559.000000 -1191672.125000
  -1016740.687500 1997173.125000 -919190.750000
  738712.437500 -2794623.000000 -986033.250000
  -2316096.000000 -503380.468750 -294478.156250
  17290.693359 3947940.750000 63221.960938
  3334314.000000 702071.937500 -1037716.625000
  -164246.343750 -3455416.500000 -870537.062500
  946280.312500 1077342.250000 3576114.500000
  2467645.000000 662234.937500 1113103.625000
  -3747923.250000 -344965.375000 -1196859.375000
  -4073715.500000 -243939.906250 553203.125000
  -2075028.125000 -411590.531250 3403093.500000
  -2098097.750000 -2405234.250000 1078652.875000
  -953353.125000 -648831.000000 902490.812500
  814061.375000 -2694982.750000 -2235470.750000
  -1029265.937500 1306595.250000 -1618533.125000
  -1221829.125000 -1317095.125000 1501558.500000
  1173540.750000 2210712.500000 -1555593.000000
  -2384492.250000 2181656.000000 1683016.500000
  -2611866.250000 757121.375000 -1124006.000000
  1055152.000000 -203554.781250 -1965307.750000
  204301.703125 2032119.250000 -2522732.750000
  -169511.750000 -1738248.125000 2922803.750000
  -1863814.750000 -707246.125000 2284842.500000
  1305631.500000 -2538007.000000 271391.593750
  -1759235.875000 2249603.750000 2513655.000000
  -331812.562500 -1193847.000000 239035.890625
  -860280.000000 -479721.750000 3681108.000000
  946325.437500 -659862.312500 2148855.750000
  -948410.000000 -3850037.500000 986824.250000
  471587.125000 -1533158.750000 1114753.500000
  -1056018.875000 2061209.000000 1516593.875000
  1038835.062500 1972613.750000 1144636.500000
  1115583.875000 2787985.250000 2741702.750000
  -2349015.250000 -20686.291016 -3058302.000000
  -677838.937500 -2705354.500000 -544732.062500
  -2581931.250000 -625136.187500 -949664.687500
  59124.082031 -4090157.250000 -412827.062500
  -1612149.500000 2423615.250000 2206817.500000
  -954422.937500 486213.781250 1190154.125000
  963932.937500 -318498.312500 -1912765.000000
  -1539759.125000 -2727496.500000 2149321.500000
  665056.750000 -4062601.750000 214411.953125
  -188047.421875 -2598464.500000 -3055975.750000
  -2477006.250000 -111833.914062 -3050382.750000
  -408842.843750 -1709212.875000 3488171.500000
  -650623.500000 1021247.312500 1735447.125000
  -1082635.875000 1348823.250000 -2849298.000000
  1044920.125000 1724165.625000 -1112615.500000
  -812386.312500 2444325.750000 -773826.375000
  3031246.750000 549323.000000 162811.734375
  -2783014.500000 -2303024.750000 946056.562500
  -391785.125000 -1817354.875000 -3068804.250000
  1500903.375000 1474111.750000 3420938.750000
  -3050772.000000 -399803.281250 -1116003.125000
  142745.234375 1400294.750000 -1127431.750000
  -1317362.500000 -322835.843750 1956479.500000
  -3445162.500000 127969.851562 2200005.750000
  -1386695.125000 544776.750000 2474321.500000
  722723.875000 -3782720.250000 -1012011.000000
  2792423.750000 -309108.250000 -2128293.000000
  -1177937.000000 2044677.500000 -2945572.500000
  -309429.437500 -3336719.750000 2188558.500000
  -543527.062500 1019719.375000 -3851058.000000
  -947610.750000 1299192.625000 1905183.375000
  2896995.000000 261947.468750 2335574.500000
  1667826.375000 -1419020.750000 -2267983.500000
  259960.593750 1883242.125000 121104.242188
  -2213330.000000 -1619367.750000 -881541.500000
  1552456.000000 -831824.375000 3175130.500000
  1442251.000000 2045699.500000 248451.593750
  1205183.625000 -1676896.500000 81378.507812
  1875454.875000 -825527.562500 -1044849.437500
  531406.000000 -285952.625000 -267163.312500
  -389687.187500 1312534.125000 -456977.031250
  -976182.250000 -2088166.125000 -2007785.000000
  439627.906250 -110448.898438 -479807.812500
  1061401.500000 -1050887.375000 -805100.937500
  -2650570.750000 -817256.187500 -306716.343750
  -525190.062500 -938440.437500 1254417.625000
  986984.937500 -54826.281250 3395088.500000
  -2185243.500000 -1857187.875000 2192289.250000
  -526276.750000 -2281112.000000 2833892.750000
  2249442.250000 980704.687500 2998647.750000
  -1811417.750000 217498.281250 3152480.250000
  -509895.750000 2809833.500000 404323.750000
  366136.687500 -67546.562500 -922468.562500
  426998.062500 857622.562500 3902106.000000
  2582083.500000 -46673.296875 1912739.250000
  2644037.750000 -2182446.000000 -382661.000000
  -1022466.312500 1286350.375000 484705.781250
  -1869803.625000 625048.562500 -3489773.750000
  -1555226.875000 209898.921875 3577918.000000
  -1107445.250000 -2730654.500000 -833993.750000
  1670152.125000 -2921130.750000 -2173512.500000
  2001253.000000 1139902.250000 -1184875.375000
  -2973129.250000 -1996396.875000 -446486.406250
  458643.625000 128925.750000 -2932918.750000
  286261.531250 1396077.250000 -2788776.000000
  -1382202.375000 -223146.218750 -1614402.000000
  -653725.187500 -2423559.000000 -1191672.125000
  -1016740.687500 1997173.125000 -919190.750000
  738712.437500 -2794623.000000 -986033.250000
  -2316096.000000 -503380.468750 -294478.156250
  17290.498047 3947940.750000 63221.960938
  3334314.000000 702071.937500 -1037716.625000
  -164246.343750 -3455416.500000 -870537.062500
  946280.312500 1077342.250000 3576114.500000
  2467645.000000 662234.937500 1113103.625000
  -3747923.250000 -344965.375000 -1196859.375000
  -4073715.500000 -243939.906250 553203.125000
  -2075028.125000 -411590.531250 3403093.500000
  -2098097.750000 -2405234.250000 1078652.875000
  -953353.125000 -648831.000000 902490.812500
  814061.375000 -2694982.750000 -2235470.750000
  -1029265.937500 1306595.250000 -1618533.125000
  -1221829.125000 -1317095.125000 1501558.500000
  1173540.750000 2210712.500000 -1555593.000000
  -2384492.250000 2181656.000000 1683016.500000
  -2611866.250000 757121.375000 -1124006.000000
  1055152.000000 -203554.781250 -1965307.750000
  204300.921875 2032119.250000 -2522732.750000
  -169511.750000 -1738248.125000 2922803.750000
  -1863814.750000 -707246.125000 2284842.500000
  1305631.500000 -2538007.000000 271391.593750
  -1759235.875000 2249603.750000 2513655.000000
  -331812.562500 -1193847.000000 239035.890625
  -860280.000000 -479721.750000 3681108.000000
  946325.437500 -659862.312500 2148855.750000
  -948410.000000 -3850037.500000 986824.250000
  471585.562500 -1533158.750000 1114753.500000
  -1056018.875000 2061209.000000 1516593.875000
  1038835.062500 1972613.750000 1144636.500000
  1115583.875000 2787985.250000 2741702.750000
  -2349015.250000 -20686.486328 -3058302.000000
  -677838.937500 -2705354.500000 -544732.062500
  -2581931.250000 -625136.187500 -949664.687500
  59123.886719 -4090157.250000 -412827.062500
  -1612149.500000 2423615.250000 2206817.500000
  -954422.937500 486213.781250 1190154.125000
  963932.937500 -318498.312500 -1912765.000000
  -1539759.125000 -2727496.500000 2149321.500000
  665056.750000 -4062601.750000 214411.953125
  -188047.421875 -2598464.500000 -3055975.750000
  -2477006.250000 -111833.914062 -3050382.750000
  -408842.843750 -1709212.875000 3488171.500000
  -650623.500000 1021247.312500 1735447.125000
  -1082635.875000 1348823.250000 -2849298.000000
  1044920.125000 1724165.625000 -1112615.500000
  -812386.312500 2444325.750000 -773826.375000
  3031246.750000 549323.000000 162811.734375
  -2783014.500000 -2303024.750000 946056.562500
  -391785.125000 -1817354.875000 -3068804.250000
  1500903.375000 1474111.750000 3420938.750000
  -3050772.000000 -399803.281250 -1116003.125000
  142744.453125 1400294.750000 -1127431.750000
  -1317362.500000 -322835.843750 1956479.500000
  -3445162.500000 127969.460938 2200005.750000
  -1386695.125000 544776.750000 2474321.500000
  722723.875000 -3782720.250000 -1012011.000000
  2792423.750000 -309108.250000 -2128293.000000
  -1177937.000000 2044677.500000 -2945572.500000
  -309429.437500 -3336719.750000 2188558.500000
  -543527.062500 1019719.375000 -3851058.000000
  -947610.750000 1299192.625000 1905183.375000
  2896995.000000 261947.468750 2335574.500000
  1667826.375000 -1419020.750000 -2267983.500000
  259959.812500 1883242.125000 121104.242188
  -2213330.000000 -1619367.750000 -881541.500000
  1552456.000000 -831824.375000 3175130.500000
  1442251.000000 2045699.500000 248451.593750
  1205183.625000 -1676896.500000 81378.507812
  1875454.875000 -825527.562500 -1044849.437500
  531406.000000 -285952.625000 -267163.312500
  -389687.187500 1312534.125000 -456977.031250
  -976182.250000 -2088166.125000 -2007785.000000
  439626.656250 -110449.289062 -479807.812500
  1061401.500000 -1050887.375000 -805100.937500
  -2650570.750000 -817256.187500 -306716.343750
  -525190.062500 -938440.437500 1254417.625000
  986984.937500 -54826.281250 3395088.500000
  -2185243.500000 -1857187.875000 2192289.250000
  -526276.750000 -2281112.000000 2833892.750000
  2249442.250000 980704.687500 2998647.750000
  -1811417.750000 217497.500000 3152480.250000
  -509895.750000 2809833.500000 404323.750000
  366136.687500 -67546.953125 -922468.562500
  426998.062500 857622.562500 3902106.000000
  2582083.500000 -46673.296875 1912739.250000
  2644037.750000 -2182446.000000 -382661.000000
  -1022466.312500 1286350.375000 484705.781250
  -1869803.625000 625048.562500 -3489773.750000
  -1555226.875000 209898.140625 3577918.000000
  -1107445.250000 -2730654.500000 -833993.750000
  1670152.125000 -2921130.750000 -2173512.500000
  2001253.000000 1139902.250000 -1184875.375000
  -2973129.250000 -1996396.875000 -446486.406250
  458643.625000 128925.359375 -2932918.750000
  286261.531250 1396077.250000 -2788776.000000
  -1382202.375000 -223146.218750 -1614402.000000
  -653725.187500 -2423559.000000 -1191672.125000
  -1016740.687500 1997173.125000 -919190.750000
  738712.437500 -2794623.000000 -986033.250000
  -2316096.000000 -503380.468750 -294478.156250
  17290.255859 3947940.750000 63221.960938
  3334314.000000 702071.937500 -1037716.625000
  -164246.343750 -3455416.500000 -870537.062500
  946280.312500 1077342.250000 3576114.500000
  2467645.000000 662234.937500 1113103.625000
  -3747923.250000 -344965.375000 -1196859.375000
  -4073715.500000 -243939.906250 553203.125000
  -2075028.125000 -411590.531250 3403093.500000
  -2098097.750000 -2405234.250000 1078652.875000
  -953353.125000 -648831.000000 902490.812500
  814061.375000 -2694982.750000 -2235470.750000
  -1029265.937500 1306595.250000 -1618533.125000
  -1221829.125000 -1317095.125000 1501558.500000
  1173540.750000 2210712.500000 -1555593.000000
  -2384492.250000 2181656.000000 1683016.500000
  -2611866.250000 757121.375000 -1124006.000000
  1055152.000000 -203554.781250 -1965307.750000
  204300.140625 2032119.250000 -2522732.750000
  -169511.750000 -1738248.125000 2922803.750000
  -1863814.750000 -707246.125000 2284842.500000
  1305631.500000 -2538007.000000 271391.593750
  -1759235.875000 2249603.750000 2513655.000000
  -331812.562500 -1193847.000000 239035.890625
  -860280.000000 -479721.750000 3681108.000000
  946325.437500 -659862.312500 2148855.750000
  -948410.000000 -3850037.500000 986824.250000
  471584.000000 -1533158.750000 1114753.500000
  -1056018.875000 2061209.000000 1516593.875000
  1038835.062500 1972613.750000 1144636.500000
  1115583.875000 2787985.250000 2741702.750000
  -2349015.250000 -20686.734375 -3058302.000000
  -677838.937500 -2705354.500000 -544732.062500
  -2581931.250000 -625136.187500 -949664.687500
  59123.691406 -4090157.250000 -412827.062500
  -1612149.500000 2423615.250000 2206817.500000
  -954422.937500 486212.875000 1190154.125000
  963932.937500 -318498.312500 -1912765.000000
  -1539759.125000 -2727496.500000 2149321.500000
  665056.750000 -4062601.750000 214411.953125
  -188047.421875 -2598464.500000 -3055975.750000
  -2477006.250000 -111833.914062 -3050382.750000
  -408842.843750 -1709212.875000 3488171.500000
  -650623.500000 1021247.312500 1735447.125000
  -1082635.875000 1348823.250000 -2849298.000000
  1044918.625000 1724165.625000 -1112615.500000
  -812386.312500 2444325.750000 -773826.375000
  3031246.750000 549323.000000 162811.734375
  -2783014.500000 -2303024.750000 946056.562500
  -391785.125000 -1817354.875000 -3068804.250000
  1500903.375000 1474111.750000 3420938.750000
  -3050772.000000 -399803.281250 -1116003.125000
  142743.671875 1400294.750000 -1127431.750000
  -1317362.500000 -322835.843750 1956479.500000
  -3445162.500000 127969.070312 2200005.750000
  -1386695.125000 544776.750000 2474321.500000
  722723.875000 -3782720.250000 -1012011.000000
  2792423.750000 -309108.250000 -2128293.000000
  -1177937.000000 2044677.500000 -2945572.500000
  -309429.437500 -3336719.750000 2188558.500000
  -543527.062500 1019719.375000 -3851058.000000
  -947610.750000 1299192.625000 1905183.375000
  2896995.000000 261947.328125 2335574.500000
  1667826.375000 -1419020.750000 -2267983.500000
  259959.031250 1883242.125000 121104.242188
  -2213330.000000 -1619367.750000 -881541.500000
  1552456.000000 -831824.375000 3175130.500000
  1442251.000000 2045699.500000 248451.593750
  1205183.625000 -1676896.500000 81378.507812
  1875454.875000 -825527.562500 -1044849.437500
  531406.000000 -285952.625000 -267163.312500
  -389687.187500 1312534.125000 -456977.031250
  -976182.250000 -2088166.125000 -2007785.000000
  439625.093750 -110449.679688 -479807.812500
  1061401.500000 -1050887.375000 -805100.937500
  -2650570.750000 -817256.187500 -306716.343750
  -525190.062500 -938440.437500 1254417.625000
  986984.937500 -54826.281250 3395088.500000
  -2185243.500000 -1857187.875000 2192289.250000
  -526276.750000 -2281112.000000 2833892.750000
  2249442.250000 980704.687500 2998647.750000
  -1811417.750000 217496.718750 3152480.250000
  -509895.750000 2809833.500000 404323.750000
  366136.687500 -67547.343750 -922468.562500
  426998.062500 857622.562500 3902106.000000
  2582083.500000 -46673.296875 1912739.250000
  2644037.750000 -2182446.000000 -382661.000000
  -1022466.312500 1286350.375000 484705.781250
  -1869803.625000 625048.562500 -3489773.750000
  -1555226.875000 209897.359375 3577918.000000
  -1107445.250000 -2730654.500000 -833993.750000
  1670152.125000 -2921130.750000 -2173512.500000
  2001253.000000 1139902.250000 -1184875.375000
  -2973129.250000 -1996396.875000 -446486.406250
  458642.718750 128924.968750 -2932918.750000
  286261.531250 1396077.250000 -2788776.000000
  -1382202.375000 -223146.218750 -1614402.000000
  -653725.187500 -2423559.000000 -1191672.125000
  -1016740.687500 1997173.125000 -919190.750000
  738712.437500 -2794623.000000 -986033.250000
  -2316096.000000 -503380.468750 -294478.156250
  17289.962891 3947940.750000 63221.972656
  3334314.000000 702071.937500 -1037716.625000
  -164246.343750 -3455416.500000 -870537.062500
  946280.312500 1077342.250000 3576114.500000
  2467645.000000 662234.937500 1113103.625000
  -3747923.250000 -344965.375000 -1196859.375000
  -4073715.500000 -243939.906250 553203.125000
  -2075028.125000 -411590.531250 3403093.500000
  -2098097.750000 -2405234.250000 1078652.875000
  -953353.125000 -648831.000000 902490.812500
  814061.375000 -2694982.750000 -2235470.750000
  -1029265.937500 1306595.250000 -1618533.125000
  -1221829.125000 -1317095.125000 1501558.500000
  1173540.750000 2210712.500000 -1555593.000000
  -2384492.250000 2181656.000000 1683016.500000
  -2611866.250000 757121.375000 -1124006.000000
  1055152.000000 -203554.781250 -1965307.750000
  204299.359375 2032119.250000 -2522732.750000
  -169512.437500 -1738248.125000 2922803.750000
  -1863814.750000 -707246.125000 2284842.500000
  1305631.500000 -2538007.000000 271391.593750
  -1759235.875000 2249603.750000 2513655.000000
  -331812.562500 -1193847.000000 239035.890625
  -860280.000000 -479721.750000 3681108.000000
  946324.312500 -659862.312500 2148855.750000
  -948410.000000 -3850037.500000 986824.250000
  471582.437500 -1533158.750000 1114753.500000
  -1056018.875000 2061209.000000 1516593.875000
  1038834.937500 1972613.750000 1144636.500000
  1115583.875000 2787985.250000 2741702.750000
  -2349015.250000 -20687.027344 -3058302.000000
  -677838.937500 -2705354.500000 -544732.062500
  -2581931.250000 -625136.187500 -949664.687500
  59123.496094 -4090157.250000 -412827.062500
  -1612149.500000 2423615.250000 2206817.500000
  -954422.937500 486211.312500 1190154.125000
  963932.937500 -318498.312500 -1912765.000000
  -1539759.125000 -2727496.500000 2149321.500000
  665056.750000 -4062601.750000 214411.953125
  -188047.421875 -2598464.500000 -3055975.750000
  -2477006.250000 -111833.914062 -3050382.750000
  -408842.843750 -1709212.875000 3488171.500000
  -650623.500000 1021245.375000 1735447.125000
  -1082635.875000 1348823.250000 -2849298.000000
  1044915.500000 1724165.625000 -1112615.500000
  -812386.312500 2444325.750000 -773826.375000
  3031246.750000 549323.000000 162811.734375
  -2783014.500000 -2303024.750000 946056.562500
  -391785.125000 -1817354.875000 -3068804.250000
  1500903.375000 1474111.750000 3420938.750000
  -3050772.000000 -399803.281250 -1116003.125000
  142742.890625 1400294.750000 -1127431.750000
  -1317362.500000 -322835.843750 1956479.500000
  -3445162.500000 127968.679688 2200005.750000
  -1386695.125000 544776.750000 2474321.500000
  722723.875000 -3782720.250000 -1012011.000000
  2792423.750000 -309108.250000 -2128293.000000
  -1177937.000000 2044677.500000 -2945572.500000
  -309429.437500 -3336719.750000 2188558.500000
  -543527.062500 1019719.375000 -3851058.000000
  -947610.750000 1299192.625000 1905183.375000
  2896995.000000 261946.546875 2335574.500000
  1667826.375000 -1419020.750000 -2267983.500000
  259958.250000 1883242.125000 121104.242188
  -2213330.000000 -1619367.750000 -881541.500000
  1552456.000000 -831824.375000 3175130.500000
  1442251.000000 2045699.500000 248451.593750
  1205183.625000 -1676896.500000 81378.507812
  1875454.875000 -825527.562500 -1044849.437500
  531406.000000 -285952.625000 -267163.312500
  -389687.187500 1312534.125000 -456977.031250
  -976182.250000 -2088166.125000 -2007785.000000
  439623.531250 -110450.070312 -479807.812500
  1061401.500000 -1050887.375000 -805100.937500
  -2650570.750000 -817256.187500 -306716.343750
  -525190.062500 -938440.437500 1254417.625000
  986984.937500 -54826.281250 3395088.500000
  -2185243.500000 -1857187.875000 2192289.250000
  -526276.750000 -2281112.000000 2833892.750000
  2249442.250000 980704.687500 2998647.750000
  -1811417.750000 217495.937500 3152480.250000
  -509895.750000 2809833.500000 404323.750000
  366135.156250 -67547.734375 -922468.562500
  426998.062500 857622.562500 3902106.000000
  2582083.500000 -46673.296875 1912739.250000
  2644037.750000 -2182446.000000 -382661.000000
  -1022466.312500 1286350.375000 484705.781250
  -1869803.625000 625048.562500 -3489773.750000
  -1555226.875000 209896.578125 3577918.000000
  -1107445.250000 -2730654.500000 -833993.750000
  1670152.125000 -2921130.750000 -2173512.500000
  2001253.000000 1139902.250000 -1184875.375000
  -2973129.250000 -1996396.875000 -446486.406250
  458641.156250 128924.578125 -2932918.750000
  286261.281250 1396077.250000 -2788776.000000
  -1382202.375000 -223146.218750 -1614402.000000
  -653725.187500 -2423559.000000 -1191672.125000
  -1016740.687500 1997173.125000 -919190.750000
  738712.437500 -2794623.000000 -986033.250000
  -2316096.000000 -503380.468750 -294478.156250
  17289.669922 3947940.750000 63222.167969
  3334314.000000 702071.937500 -1037716.625000
  -164246.343750 -3455416.500000 -870537.062500
  946280.312500 1077342.250000 3576114.500000
  2467645.000000 662234.937500 1113103.625000
  -3747923.250000 -344965.375000 -1196859.375000
  -4073715.500000 -243939.906250 553203.125000
  -2075028.125000 -411590.531250 3403093.500000
  -2098097.750000 -2405234.250000 1078652.875000
  -953353.125000 -648831.000000 902490.812500
  814061.375000 -2694982.750000 -2235470.750000
  -1029265.937500 1306595.250000 -1618533.125000
  -1221829.125000 -1317095.125000 1501558.500000
  1173540.750000 2210712.500000 -1555593.000000
  -2384492.250000 2181656.000000 1683016.500000
  -2611866.250000 757121.375000 -1124006.000000
  1055152.000000 -203554.781250 -1965307.750000
  204298.578125 2032119.250000 -2522732.750000
  -169513.218750 -1738248.125000 2922803.750000
  -1863814.750000 -707246.125000 2284842.500000
  1305631.500000 -2538007.000000 271391.593750
  -1759235.875000 2249603.750000 2513655.000000
  -331812.562500 -1193847.000000 239035.890625
  -860280.000000 -479721.750000 3681108.000000
  946321.187500 -659862.312500 2148855.750000
  -948410.000000 -3850037.500000 986824.250000
  471580.875000 -1533158.750000 1114753.500000
  -1056018.875000 2061209.000000 1516593.875000
  1038831.812500 1972613.750000 1144636.500000
  1115583.875000 2787985.250000 2741702.750000
  -2349015.250000 -20687.320312 -3058302.000000
  -677838.937500 -2705354.500000 -544732.062500
  -2581931.250000 -625136.187500 -949664.687500
  59123.140625 -4090157.250000 -412827.062500
  -1612149.500000 2423615.250000 2206817.500000
  -954422.937500 486209.750000 1190154.125000
  963932.937500 -318498.312500 -1912765.000000
  -1539759.125000 -2727496.500000 2149321.500000
  665056.750000 -4062601.750000 214411.953125
  -188047.421875 -2598464.500000 -3055975.750000
  -2477006.250000 -111833.914062 -3050382.750000
  -408842.843750 -1709212.875000 3488171.500000
  -650623.500000 1021242.250000 1735447.125000
  -1082635.875000 1348823.250000 -2849298.000000
  1044912.375000 1724165.625000 -1112615.500000
  -812386.312500 2444325.750000 -773826.375000
  3031246.750000 549323.000000 162811.734375
  -2783014.500000 -2303024.750000 946056.562500
  -391785.125000 -1817354.875000 -3068804.250000
  1500903.375000 1474111.750000 3420938.750000
  -3050772.000000 -399803.281250 -1116003.125000
  142742.109375 1400294.750000 -1127431.750000
  -1317362.500000 -322835.843750 1956479.500000
  -3445162.500000 127968.289062 2200005.750000
  -1386695.125000 544776.750000 2474321.500000
  722723.875000 -3782720.250000 -1012011.000000
  2792423.750000 -309108.250000 -2128293.000000
  -1177937.000000 2044677.500000 -2945572.500000
  -309429.437500 -3336719.750000 2188558.500000
  -543527.062500 1019719.375000 -3851058.000000
  -947610.750000 1299192.625000 1905183.375000
  2896995.000000 261945.765625 2335574.500000
  1667826.375000 -1419020.750000 -2267983.500000
  259957.468750 1883242.125000 121104.242188
  -2213330.000000 -1619367.750000 -881541.500000
  1552456.000000 -831824.375000 3175130.500000
  1442251.000000 2045699.500000 248451.593750
  1205183.625000 -1676896.500000 81378.507812
  1875452.500000 -825527.562500 -1044849.437500
  531406.000000 -285952.625000 -267163.312500
  -389687.187500 1312534.125000 -456977.031250
  -976182.250000 -2088166.125000 -2007785.000000
  439621.968750 -110450.460938 -479807.750000
  1061401.500000 -1050887.375000 -805100.937500
  -2650570.750000 -817256.187500 -306716.343750
  -525190.062500 -938440.437500 1254417.625000
  986982.750000 -54826.281250 3395088.500000
  -2185243.500000 -1857187.875000 2192289.250000
  -526276.750000 -2281112.000000 2833892.750000
  2249442.250000 980704.687500 2998647.750000
  -1811417.750000 217495.156250 3152480.250000
  -509895.750000 2809833.500000 404323.750000
  366133.593750 -67548.125000 -922467.000000
  426998.062500 857622.562500 3902106.000000
  2582083.500000 -46673.296875 1912739.250000
  2644037.750000 -2182446.000000 -382661.000000
  -1022466.312500 1286350.375000 484705.781250
  -1869803.625000 625048.562500 -3489773.750000
  -1555226.875000 209895.796875 3577918.000000
  -1107445.250000 -2730654.500000 -833993.750000
  1670152.125000 -2921130.750000 -2173512.500000
  2001253.000000 1139902.250000 -1184875.375000
  -2973129.250000 -1996396.875000 -446486.406250
  458639.593750 128924.187500 -2932918.750000
  286259.718750 1396077.250000 -2788776.000000
  -1382202.375000 -223146.218750 -1614402.000000
  -653725.187500 -2423559.000000 -1191672.125000
  -1016740.687500 1997173.125000 -919190.750000
  738712.437500 -2794623.000000 -986033.250000
  -2316096.000000 -503380.468750 -294478.156250
  17289.371094 3947940.750000 63222.363281
  3334314.000000 702071.937500 -1037716.625000
  -164246.343750 -3455416.500000 -870537.062500
  946280.312500 1077342.250000 3576114.500000
  2467645.000000 662234.937500 1113103.625000
  -3747923.250000 -344965.375000 -1196859.375000
  -4073715.500000 -243939.906250 553203.125000
  -2075028.125000 -411590.531250 3403093.500000
  -2098097.750000 -2405234.250000 1078652.875000
  -953353.125000 -648831.000000 902490.812500
  814061.375000 -2694982.750000 -2235470.750000
  -1029265.937500 1306595.250000 -1618533.125000
  -1221829.125000 -1317095.125000 1501558.500000
  1173540.750000 2210712.500000 -1555593.000000
  -2384492.250000 2181656.000000 1683016.500000
  -2611866.250000 757120.750000 -1124006.000000
  1055152.000000 -203554.781250 -1965307.750000
  204297.796875 2032119.250000 -2522732.750000
  -169514.000000 -1738248.125000 2922803.750000
  -1863814.750000 -707246.125000 2284842.500000
  1305631.500000 -2538007.000000 271391.593750
  -1759235.875000 2249603.750000 2513655.000000
  -331812.562500 -1193847.000000 239035.890625
  -860280.000000 -479721.750000 3681108.000000
  946318.062500 -659862.312500 2148855.750000
  -948410.000000 -3850037.500000 986824.250000
  471579.312500 -1533158.750000 1114753.500000
  -1056018.875000 2061206.500000 1516593.875000
  1038828.687500 1972613.750000 1144636.500000
  1115583.875000 2787985.250000 2741702.750000
  -2349015.250000 -20687.626953 -3058302.000000
  -677838.937500 -2705354.500000 -544732.062500
  -2581931.250000 -625136.187500 -949664.687500
  59122.750000 -4090157.250000 -412827.062500
  -1612149.500000 2423615.250000 2206817.500000
  -954422.937500 486208.187500 1190154.125000
  963931.250000 -318498.312500 -1912765.000000
  -1539759.125000 -2727496.500000 2149321.500000
  665056.750000 -4062601.750000 214411.953125
  -188047.421875 -2598464.500000 -3055975.750000
  -2477006.250000 -111833.914062 -3050382.750000
  -408842.843750 -1709212.875000 3488171.500000
  -650623.500000 1021239.125000 1735447.125000
  -1082635.875000 1348823.250000 -2849298.000000
  1044909.250000 1724165.625000 -1112615.500000
  -812386.312500 2444325.750000 -773826.375000
  3031246.750000 549323.000000 162811.734375
  -2783014.500000 -2303024.750000 946056.562500
  -391785.125000 -1817354.875000 -3068804.250000
  1500903.375000 1474111.750000 3420938.750000
  -3050772.000000 -399803.281250 -1116003.125000
  142741.328125 1400294.750000 -1127431.750000
  -1317362.500000 -322835.843750 1956479.500000
  -3445162.500000 127967.898438 2200005.750000
  -1386695.125000 544776.750000 2474321.500000
  722723.875000 -3782720.250000 -1012011.000000
  2792423.750000 -309108.250000 -2128293.000000
  -1177937.000000 2044677.500000 -2945572.500000
  -309429.437500 -3336719.750000 2188558.500000
  -543527.062500 1019719.375000 -3851058.000000
  -947610.750000 1299192.625000 1905183.375000
  2896995.000000 261944.984375 2335574.500000
  1667826.375000 -1419020.750000 -2267983.500000
  259956.687500 1883238.625000 121104.242188
  -2213330.000000 -1619367.750000 -881541.187500
  1552456.000000 -831824.375000 3175130.500000
  1442251.000000 2045696.625000 248451.593750
  1205183.625000 -1676896.500000 81378.507812
  1875446.250000 -825527.562500 -1044849.437500
  531405.937500 -285952.625000 -267163.312500
  -389687.187500 1312534.125000 -456976.156250
  -976182.250000 -2088166.125000 -2007785.000000
  439620.406250 -110450.851562 -479806.187500
  1061401.500000 -1050887.375000 -805100.937500
  -2650570.750000 -817256.187500 -306716.343750
  -525190.062500 -938440.437500 1254417.625000
  986979.625000 -54826.425781 3395088.500000
  -2185243.500000 -1857187.875000 2192289.250000
  -526276.750000 -2281112.000000 2833892.750000
  2249442.250000 980704.687500 2998647.750000
  -1811417.750000 217494.375000 3152480.250000
  -509895.750000 2809833.500000 404323.750000
  366132.031250 -67548.515625 -922463.875000
  426997.593750 857622.562500 3902106.000000
  2582083.500000 -46673.296875 1912739.250000
  2644037.750000 -2182446.000000 -382661.000000
  -1022466.312500 1286350.375000 484705.781250
  -1869803.625000 625048.562500 -3489773.750000
  -1555226.875000 209895.015625 3577918.000000
  -1107445.250000 -2730654.500000 -833993.750000
  1670152.125000 -2921130.750000 -2173512.500000
  2001246.750000 1139902.250000 -1184875.375000
  -2973129.250000 -1996396.875000 -446485.718750
  458638.031250 128923.796875 -2932918.750000
  286258.156250 1396077.250000 -2788776.000000
  -1382202.375000 -223146.218750 -1614402.000000
  -653725.187500 -2423559.000000 -1191672.125000
  -1016740.687500 1997168.125000 -919190.750000
  738710.500000 -2794623.000000 -986033.250000
  -2316096.000000 -503380.468750 -294478.156250
  17288.980469 3947940.750000 63222.558594
  3334314.000000 702071.937500 -1037716.625000
  -164246.343750 -3455416.500000 -870537.062500
  946280.312500 1077342.250000 3576114.500000
  2467645.000000 662234.937500 1113103.625000
  -3747923.250000 -344965.375000 -1196859.375000
  -4073715.500000 -243939.906250 553203.125000
  -2075028.125000 -411590.531250 3403093.500000
  -2098097.750000 -2405234.250000 1078652.875000
  -953353.125000 -648831.000000 902490.812500
  814061.375000 -2694982.750000 -2235470.750000
  -1029265.937500 1306595.250000 -1618533.125000
  -1221829.125000 -1317095.125000 1501558.500000
  1173540.750000 2210712.500000 -1555593.000000
  -2384492.250000 2181656.000000 1683016.500000
  -2611866.250000 757117.625000 -1124006.000000
  1055152.000000 -203554.781250 -1965306.625000
  204297.015625 2032118.500000 -2522732.750000
  -169514.781250 -1738248.125000 2922803.750000
  -1863814.750000 -707246.125000 2284842.500000
  1305631.500000 -2538007.000000 271391.593750
  -1759235.875000 2249603.750000 2513655.000000
  -331812.562500 -1193847.000000 239035.890625
  -860280.000000 -479721.750000 3681108.000000
  946314.937500 -659862.312500 2148855.750000
  -948410.000000 -3850037.500000 986824.250000
  471577.750000 -1533158.750000 1114753.500000
  -1056018.875000 2061200.250000 1516593.875000
  1038825.562500 1972613.250000 1144636.500000
  1115583.875000 2787985.250000 2741702.750000
  -2349015.250000 -20688.017578 -3058302.000000
  -677838.937500 -2705354.500000 -544732.062500
  -2581931.250000 -625136.187500 -949661.812500
  59122.359375 -4090157.250000 -412827.062500
  -1612149.500000 2423615.250000 2206817.500000
  -954422.937500 486206.625000 1190154.125000
  963928.125000 -318498.312500 -1912765.000000
  -1539759.125000 -2727496.500000 2149321.500000
  665056.750000 -4062601.750000 214411.265625
  -188047.421875 -2598464.500000 -3055975.750000
  -2477006.250000 -111833.914062 -3050382.750000
  -408842.843750 -1709212.875000 3488171.500000
  -650623.500000 1021236.000000 1735447.125000
  -1082635.875000 1348823.250000 -2849298.000000
  1044906.125000 1724165.625000 -1112615.500000
  -812386.312500 2444325.750000 -773826.375000
  3031246.750000 549323.000000 162811.734375
  -2783014.500000 -2303024.750000 946056.562500
  -391785.125000 -1817354.875000 -3068804.250000
  1500903.375000 1474111.750000 3420938.750000
  -3050772.000000 -399803.281250 -1116003.125000
  142740.546875 1400294.750000 -1127431.750000
  -1317362.500000 -322835.843750 1956479.500000
  -3445162.500000 127967.328125 2200005.750000
  -1386695.125000 544776.750000 2474321.500000
  722723.375000 -3782720.250000 -1012011.000000
  2792423.750000 -309108.250000 -2128293.000000
  -1177937.000000 2044674.125000 -2945572.500000
  -309429.437500 -3336719.750000 2188558.500000
  -543527.062500 1019719.375000 -3851058.000000
  -947610.750000 1299192.625000 1905183.375000
  2896995.000000 261944.203125 2335574.500000
  1667826.375000 -1419020.750000 -2267983.500000
  259955.906250 1883232.375000 121104.242188
  -2213330.000000 -1619367.750000 -881538.062500
  1552456.000000 -831824.375000 3175130.500000
  1442251.000000 2045690.375000 248451.593750
  1205183.625000 -1676896.500000 81378.507812
  1875440.000000 -825527.562500 -1044848.062500
  531402.812500 -285952.625000 -267163.312500
  -389687.187500 1312534.125000 -456974.593750
  -976182.250000 -2088166.125000 -2007780.375000
  439618.843750 -110451.242188 -479804.625000
  1061401.500000 -1050887.375000 -805100.937500
  -2650570.750000 -817256.187500 -306716.343750
  -525190.062500 -938440.437500 1254417.625000
  986976.500000 -54826.621094 3395088.500000
  -2185243.500000 -1857187.875000 2192289.250000
  -526276.750000 -2281112.000000 2833892.750000
  2249442.250000 980704.687500 2998647.750000
  -1811417.750000 217493.593750 3152480.250000
  -509895.750000 2809833.500000 404323.750000
  366130.468750 -67548.906250 -922460.750000
  426996.031250 857622.562500 3902106.000000
  2582083.500000 -46673.296875 1912739.250000
  2644037.750000 -2182446.000000 -382661.000000
  -1022466.312500 1286350.375000 484705.781250
  -1869803.625000 625048.562500 -3489773.750000
  -1555226.875000 209894.234375 3577918.000000
  -1107445.250000 -2730654.500000 -833993.750000
  1670152.125000 -2921130.750000 -2173512.500000
  2001240.500000 1139902.250000 -1184875.375000
  -2973129.250000 -1996396.875000 -446484.156250
  458636.468750 128923.406250 -2932918.750000
  286256.593750 1396077.250000 -2788776.000000
  -1382202.375000 -223146.218750 -1614402.000000
  -653725.187500 -2423559.000000 -1191672.125000
  -1016740.687500 1997161.875000 -919190.062500
  738707.375000 -2794623.000000 -986033.250000
  -2316096.000000 -503380.468750 -294478.156250
  17288.589844 3947940.750000 63222.753906
  3334314.000000 702071.937500 -1037716.625000
  -164246.343750 -3455416.500000 -870537.062500
  946277.187500 1077342.250000 3576114.500000
  2467645.000000 662234.937500 1113103.625000
  -3747923.250000 -344965.375000 -1196859.375000
  -4073715.500000 -243939.906250 553203.125000
  -2075028.125000 -411590.531250 3403093.500000
  -2098097.750000 -2405234.250000 1078652.875000
  -953353.125000 -648831.000000 902490.812500
  814061.000000 -2694982.750000 -2235470.750000
  -1029265.937500 1306595.250000 -1618533.125000
  -1221829.125000 -1317095.125000 1501558.500000
  1173540.750000 2210712.500000 -1555593.000000
  -2384492.250000 2181656.000000 1683016.500000
  -2611866.250000 757114.500000 -1124006.000000
  1055152.000000 -203554.781250 -1965300.375000
  204296.234375 2032112.250000 -2522732.750000
  -169515.562500 -1738248.125000 2922803.750000
  -1863814.750000 -707246.125000 2284842.500000
  1305631.500000 -2538007.000000 271391.593750
  -1759235.875000 2249603.750000 2513655.000000
  -331812.562500 -1193847.000000 239035.890625
  -860280.000000 -479721.750000 3681108.000000
  946311.812500 -659862.312500 2148855.750000
  -948410.000000 -3850037.500000 986824.250000
  471576.187500 -1533158.750000 1114753.500000
  -1056018.875000 2061194.000000 1516593.875000
  1038822.437500 1972607.000000 1144636.500000
  1115583.875000 2787985.250000 2741702.750000
  -2349015.250000 -20688.408203 -3058302.000000
  -677838.937500 -2705354.500000 -544732.062500
  -2581931.250000 -625136.187500 -949658.687500
  59121.968750 -4090157.250000 -412827.062500
  -1612149.500000 2423615.250000 2206817.500000
  -954422.937500 486205.062500 1190154.125000
  963925.000000 -318498.312500 -1912764.375000
  -1539759.125000 -2727496.500000 2149321.500000
  665056.125000 -4062601.750000 214410.484375
  -188047.421875 -2598464.500000 -3055975.750000
  -2477006.250000 -111833.914062 -3050382.750000
  -408842.843750 -1709212.875000 3488171.500000
  -650623.500000 1021232.875000 1735447.125000
  -1082635.875000 1348823.250000 -2849298.000000
  1044903.000000 1724160.500000 -1112615.500000
  -812386.312500 2444325.750000 -773826.375000
  3031246.750000 549323.000000 162811.734375
  -2783014.500000 -2303024.750000 946056.562500
  -391785.125000 -1817354.875000 -3068804.250000
  1500903.375000 1474111.750000 3420938.750000
  -3050772.000000 -399803.281250 -1116003.125000
  142739.765625 1400294.750000 -1127431.750000
  -1317362.500000 -322835.843750 1956479.500000
  -3445162.500000 127966.546875 2200005.750000
  -1386695.125000 544776.750000 2474321.500000
  722720.250000 -3782720.250000 -1012010.250000
  2792423.750000 -309108.250000 -2128293.000000
  -1177937.000000 2044667.875000 -2945572.500000
  -309429.437500 -3336719.750000 2188558.500000
  -543527.062500 1019717.687500 -3851058.000000
  -947610.750000 1299192.625000 1905183.375000
  2896995.000000 261943.421875 2335574.500000
  1667824.250000 -1419020.750000 -2267983.500000
  259955.125000 1883226.125000 121104.242188
  -2213330.000000 -1619367.750000 -881534.937500
  1552456.000000 -831824.375000 3175130.500000
  1442251.000000 2045684.125000 248451.593750
  1205183.625000 -1676896.500000 81378.507812
  1875433.750000 -825527.562500 -1044844.937500
  531399.687500 -285952.625000 -267163.312500
  -389687.187500 1312534.125000 -456973.031250
  -976182.250000 -2088166.125000 -2007774.125000
  439617.281250 -110451.632812 -479803.062500
  1061401.500000 -1050887.375000 -805100.937500
  -2650570.750000 -817256.187500 -306716.343750
  -525190.062500 -938440.437500 1254417.625000
  986973.375000 -54826.816406 3395088.500000
  -2185243.500000 -1857187.875000 2192289.250000
  -526276.750000 -2281112.000000 2833892.750000
  2249442.250000 980702.000000 2998647.750000
  -1811417.750000 217492.812500 3152480.250000
  -509895.750000 2809833.500000 404323.750000
  366128.906250 -67549.296875 -922457.625000
  426994.468750 857622.562500 3902106.000000
  2582083.500000 -46673.296875 1912739.250000
  2644037.750000 -2182446.000000 -382661.000000
  -1022466.312500 1286350.375000 484705.781250
  -1869803.625000 625048.562500 -3489773.750000
  -1555226.875000 209893.453125 3577918.000000
  -1107445.250000 -2730654.500000 -833993.687500
  1670152.125000 -2921130.750000 -2173512.500000
  2001234.250000 1139902.250000 -1184875.375000
  -2973129.250000 -1996396.875000 -446482.593750
  458634.906250 128923.015625 -2932918.750000
  286255.031250 1396077.250000 -2788776.000000
  -1382202.375000 -223146.218750 -1614402.000000
  -653725.187500 -2423559.000000 -1191672.125000
  -1016740.062500 1997155.625000 -919186.937500
  738704.250000 -2794623.000000 -986031.125000
  -2316096.000000 -503380.468750 -294478.156250
  17288.199219 3947940.750000 63222.949219
  3334314.000000 702071.937500 -1037716.625000
  -164246.343750 -3455416.500000 -870537.062500
  946274.062500 1077342.250000 3576114.500000
  2467645.000000 662234.937500 1113103.625000
  -3747923.250000 -344965.375000 -1196859.375000
  -4073715.500000 -243939.906250 553203.125000
  -2075028.125000 -411590.531250 3403093.500000
  -2098097.750000 -2405234.250000 1078652.875000
  -953353.125000 -648831.000000 902490.812500
  814057.875000 -2694982.750000 -2235470.750000
  -1029265.937500 1306595.250000 -1618533.125000
  -1221829.125000 -1317095.125000 1501558.500000
  1173540.750000 2210712.500000 -1555593.000000
  -2384492.250000 2181656.000000 1683016.500000
  -2611866.250000 757111.375000 -1124006.000000
  1055152.000000 -203555.203125 -1965294.125000
  204295.453125 2032106.000000 -2522732.750000
  -169516.343750 -1738248.125000 2922803.750000
  -1863814.750000 -707246.125000 2284842.500000
  1305631.500000 -2538007.000000 271391.593750
  -1759235.875000 2249603.750000 2513655.000000
  -331812.562500 -1193847.000000 239035.890625
  -860280.000000 -479721.750000 3681108.000000
  946308.687500 -659862.312500 2148855.750000
  -948410.000000 -3850037.500000 986824.250000
  471574.625000 -1533158.750000 1114753.500000
  -1056018.875000 2061187.750000 1516593.875000
  1038819.312500 1972600.750000 1144636.500000
  1115583.875000 2787985.250000 2741702.750000
  -2349015.250000 -20688.798828 -3058302.000000
  -677838.937500 -2705354.500000 -544732.062500
  -2581931.250000 -625136.187500 -949655.562500
  59121.578125 -4090157.250000 -412827.062500
  -1612149.500000 2423615.250000 2206817.500000
  -954422.937500 486203.500000 1190154.125000
  963921.875000 -318498.312500 -1912758.125000
  -1539759.125000 -2727496.500000 2149321.500000
  665053.000000 -4062601.750000 214409.703125
  -188047.421875 -2598464.500000 -3055975.750000
  -2477006.250000 -111833.914062 -3050382.750000
  -408842.843750 -1709212.875000 3488171.500000
  -650623.500000 1021229.750000 1735447.125000
  -1082635.875000 1348823.250000 -2849298.000000
  1044899.875000 1724154.250000 -1112615.500000
  -812386.312500 2444325.750000 -773826.375000
  3031246.750000 549323.000000 162811.734375
  -2783014.500000 -2303024.750000 946056.562500
  -391785.125000 -1817354.875000 -3068804.250000
  1500903.375000 1474111.750000 3420938.750000
  -3050772.000000 -399803.281250 -1116003.125000
  142738.984375 1400294.750000 -1127431.750000
  -1317362.500000 -322835.843750 1956479.500000
  -3445162.500000 127965.765625 2200005.750000
  -1386695.125000 544775.187500 2474321.500000
  722717.125000 -3782720.250000 -1012007.125000
  2792423.750000 -309108.250000 -2128293.000000
  -1177937.000000 2044661.625000 -2945572.500000
  -309429.437500 -3336719.750000 2188558.500000
  -543527.062500 1019714.562500 -3851058.000000
  -947610.750000 1299192.625000 1905183.375000
  2896995.000000 261942.640625 2335574.500000
  1667818.000000 -1419020.750000 -2267983.500000
  259954.000000 1883219.875000 121104.242188
  -2213330.000000 -1619367.750000 -881531.812500
  1552454.125000 -831824.375000 3175130.500000
  1442246.750000 2045677.875000 248451.593750
  1205182.750000 -1676896.500000 81378.507812
  1875427.500000 -825527.562500 -1044841.812500
  531396.562500 -285952.625000 -267163.312500
  -389687.187500 1312534.125000 -456971.468750
  -976182.250000 -2088166.125000 -2007767.875000
  439615.718750 -110452.023438 -479801.500000
  1061401.500000 -1050887.375000 -805100.062500
  -2650570.750000 -817256.187500 -306716.343750
  -525190.062500 -938440.437500 1254417.625000
  986970.250000 -54827.011719 3395088.500000
  -2185243.500000 -1857187.875000 2192289.250000
  -526276.750000 -2281112.000000 2833892.750000
  2249442.250000 980698.875000 2998647.750000
  -1811417.750000 217492.031250 3152480.250000
  -509895.750000 2809833.500000 404323.750000
  366127.343750 -67549.687500 -922454.500000
  426992.906250 857619.937500 3902106.000000
  2582083.500000 -46673.296875 1912739.250000
  2644037.750000 -2182446.000000 -382661.000000
  -1022465.062500 1286350.375000 484705.781250
  -1869803.625000 625048.562500 -3489773.750000
  -1555226.875000 209892.671875 3577918.000000
  -1107445.250000 -2730654.500000 -833990.562500
  1670150.500000 -2921130.750000 -2173512.500000
  2001228.000000 1139902.250000 -1184875.375000
  -2973129.250000 -1996396.875000 -446481.031250
  458633.343750 128922.625000 -2932918.750000
  286253.468750 1396077.250000 -2788776.000000
  -1382202.375000 -223146.218750 -1614399.500000
  -653725.187500 -2423559.000000 -1191672.125000
  -1016736.937500 1997149.375000 -919183.812500
  738701.125000 -2794623.000000 -986028.000000
  -2316096.000000 -503380.468750 -294478.156250
  17287.746094 3947940.750000 63223.144531
  3334314.000000 702071.937500 -1037714.875000
  -164246.343750 -3455416.500000 -870535.812500
  946270.937500 1077342.250000 3576114.500000
  2467645.000000 662234.937500 1113103.625000
  -3747923.250000 -344965.375000 -1196859.375000
  -4073715.500000 -243939.906250 553203.125000
  -2075028.125000 -411590.531250 3403093.500000
  -2098097.750000 -2405234.250000 1078652.875000
  -953353.125000 -648831.000000 902490.812500
  814054.750000 -2694982.750000 -2235470.750000
  -1029265.187500 1306595.250000 -1618533.125000
  -1221829.125000 -1317095.125000 1501558.500000
  1173540.750000 2210712.500000 -1555593.000000
  -2384492.250000 2181656.000000 1683016.500000
  -2611866.250000 757108.250000 -1124006.000000
  1055152.000000 -203555.984375 -1965287.875000
  204294.671875 2032099.750000 -2522732.750000
  -169517.125000 -1738248.125000 2922803.750000
  -1863814.750000 -707246.125000 2284842.500000
  1305631.125000 -2538007.000000 271391.593750
  -1759235.875000 2249603.750000 2513655.000000
  -331812.562500 -1193847.000000 239035.890625
  -860280.000000 -479721.750000 3681108.000000
  946305.562500 -659862.312500 2148855.750000
  -948410.000000 -3850037.500000 986824.250000
  471573.062500 -1533158.750000 1114753.500000
  -1056018.875000 2061181.500000 1516593.875000
  1038816.187500 1972594.500000 1144636.500000
  1115583.875000 2787985.250000 2741702.750000
  -2349015.250000 -20689.261719 -3058302.000000
  -677838.937500 -2705354.500000 -544732.062500
  -2581931.250000 -625136.187500 -949652.437500
  59121.187500 -4090157.250000 -412827.062500
  -1612149.500000 2423615.250000 2206817.500000
  -954422.937500 486201.937500 1190154.125000
  963918.750000 -318498.312500 -1912751.875000
  -1539759.125000 -2727496.500000 2149321.500000
  665049.875000 -4062601.750000 214408.921875
  -188047.421875 -2598464.500000 -3055975.750000
  -2477006.250000 -111833.914062 -3050382.750000
  -408842.843750 -1709212.875000 3488171.500000
  -650623.500000 1021226.625000 1735447.125000
  -1082635.875000 1348823.250000 -2849298.000000
  1044896.750000 1724148.000000 -1112615.500000
  -812386.312500 2444325.750000 -773825.687500
  3031246.750000 549323.000000 162811.734375
  -2783014.500000 -2303024.750000 946056.562500
  -391785.125000 -1817354.875000 -3068804.250000
  1500903.375000 1474111.750000 3420938.750000
  -3050772.000000 -399803.281250 -1116003.125000
  142738.203125 1400289.875000 -1127431.750000
  -1317362.500000 -322835.843750 1956477.875000
  -3445162.500000 127964.984375 2200005.750000
  -1386695.125000 544772.062500 2474321.500000
  722714.000000 -3782720.250000 -1012004.000000
  2792423.750000 -309108.250000 -2128293.000000
  -1177937.000000 2044655.375000 -2945572.500000
  -309429.437500 -3336719.750000 2188558.500000
  -543527.062500 1019711.437500 -3851058.000000
  -947610.750000 1299189.000000 1905182.750000
  2896995.000000 261941.859375 2335574.500000
  1667811.750000 -1419020.750000 -2267983.500000
  259952.437500 1883213.625000 121104.242188
  -2213330.000000 -1619367.750000 -881528.687500
  1552447.875000 -831824.375000 3175130.500000
  1442240.500000 2045671.625000 248451.593750
  1205176.500000 -1676896.500000 81378.507812
  1875421.250000 -825527.562500 -1044838.687500
  531393.437500 -285952.625000 -267163.312500
  -389687.187500 1312534.125000 -456969.906250
  -976182.250000 -2088166.125000 -2007761.625000
  439614.156250 -110452.414062 -479799.937500
  1061401.500000 -1050887.375000 -805096.937500
  -2650570.750000 -817256.187500 -306716.343750
  -525190.062500 -938440.437500 1254417.625000
  986967.125000 -54827.207031 3395088.500000
  -2185243.500000 -1857187.875000 2192289.250000
  -526276.750000 -2281112.000000 2833892.750000
  2249442.250000 980695.750000 2998647.750000
  -1811417.750000 217491.250000 3152480.250000
  -509895.750000 2809833.500000 404323.750000
  366125.781250 -67550.078125 -922451.375000
  426991.343750 857616.812500 3902106.000000
  2582083.500000 -46673.296875 1912739.250000
  2644037.750000 -2182446.000000 -382661.000000
  -1022461.937500 1286347.625000 484705.781250
  -1869803.625000 625048.562500 -3489773.750000
  -1555226.875000 209891.890625 3577918.000000
  -1107445.250000 -2730654.500000 -833987.437500
  1670144.250000 -2921130.750000 -2173512.500000
  2001221.750000 1139902.250000 -1184875.375000
  -2973129.250000 -1996395.250000 -446479.468750
  458631.781250 128922.171875 -2932918.750000
  286251.906250 1396077.250000 -2788776.000000
  -1382202.375000 -223146.218750 -1614393.250000
  -653725.187500 -2423559.000000 -1191672.125000
  -1016733.812500 1997143.125000 -919180.687500
  738698.000000 -2794623.000000 -986024.875000
  -2316096.000000 -503380.468750 -294478.156250
  17287.257812 3947939.000000 63223.339844
  3334314.000000 702071.937500 -1037711.750000
  -164246.343750 -3455416.500000 -870532.687500
  946267.812500 1077342.250000 3576114.500000
  2467645.000000 662234.250000 1113103.625000
  -3747923.250000 -344965.375000 -1196859.375000
  -4073715.500000 -243939.906250 553203.125000
  -2075022.375000 -411590.531250 3403093.500000
  -2098097.750000 -2405234.250000 1078652.875000
  -953353.125000 -648831.000000 902490.812500
  814051.625000 -2694982.750000 -2235470.750000
  -1029262.062500 1306595.250000 -1618530.750000
  -1221829.125000 -1317095.125000 1501558.500000
  1173540.750000 2210712.500000 -1555593.000000
  -2384492.250000 2181656.000000 1683016.500000
  -2611866.250000 757105.125000 -1124006.000000
  1055152.000000 -203556.765625 -1965281.625000
  204293.890625 2032093.500000 -2522732.750000
  -169517.906250 -1738248.125000 2922803.750000
  -1863810.000000 -707246.125000 2284842.500000
  1305624.875000 -2538007.000000 271391.593750
  -1759235.875000 2249603.750000 2513655.000000
  -331812.562500 -1193847.000000 239035.890625
  -860280.000000 -479721.750000 3681108.000000
  946302.437500 -659862.312500 2148855.750000
  -948410.000000 -3850037.500000 986824.250000
  471571.500000 -1533158.750000 1114753.500000
  -1056018.875000 2061175.250000 1516593.875000
  1038813.062500 1972588.250000 1144636.500000
  1115583.875000 2787985.250000 2741702.750000
  -2349015.250000 -20689.750000 -3058302.000000
  -677838.937500 -2705354.500000 -544732.062500
  -2581931.250000 -625136.187500 -949649.312500
  59120.796875 -4090157.250000 -412827.062500
  -1612149.500000 2423615.250000 2206817.500000
  -954422.937500 486200.375000 1190154.125000
  963915.625000 -318498.312500 -1912745.625000
  -1539759.125000 -2727496.500000 2149321.500000
  665046.750000 -4062601.750000 214408.140625
  -188047.421875 -2598464.500000 -3055975.750000
  -2477006.250000 -111833.914062 -3050382.750000
  -408842.843750 -1709212.875000 3488171.500000
  -650623.500000 1021223.500000 1735447.125000
  -1082635.875000 1348823.250000 -2849298.000000
  1044893.625000 1724141.750000 -1112615.500000
  -812386.312500 2444325.750000 -773822.562500
  3031246.750000 549323.000000 162811.734375
  -2783014.500000 -2303024.750000 946056.562500
  -391785.125000 -1817354.875000 -3068804.250000
  1500903.375000 1474111.750000 3420938.750000
  -3050772.000000 -399803.281250 -1116003.125000
  142737.421875 1400283.625000 -1127431.750000
  -1317362.500000 -322835.843750 1956471.625000
  -3445162.500000 127964.203125 2200005.750000
  -1386695.125000 544768.937500 2474321.500000
  722710.875000 -3782720.250000 -1012000.875000
  2792423.750000 -309108.250000 -2128293.000000
  -1177937.000000 2044649.125000 -2945572.500000
  -309429.437500 -3336719.750000 2188558.500000
  -543527.062500 1019708.312500 -3851052.500000
  -947610.750000 1299182.750000 1905176.500000
  2896995.000000 261941.078125 2335574.500000
  1667805.500000 -1419020.750000 -2267983.500000
  259950.875000 1883207.375000 121104.242188
  -2213330.000000 -1619367.750000 -881525.562500
  1552441.625000 -831824.375000 3175130.500000
  1442234.250000 2045665.375000 248451.593750
  1205170.250000 -1676896.500000 81378.507812
  1875415.000000 -825527.562500 -1044835.562500
  531390.312500 -285952.625000 -267163.312500
  -389687.187500 1312527.875000 -456968.343750
  -976181.875000 -2088159.875000 -2007755.375000
  439612.593750 -110452.804688 -479798.375000
  1061400.875000 -1050887.375000 -805093.812500
  -2650570.750000 -817256.187500 -306716.343750
  -525190.062500 -938440.437500 1254417.625000
  986964.000000 -54827.402344 3395088.500000
  -2185243.500000 -1857187.875000 2192289.250000
  -526276.750000 -2281112.000000 2833892.750000
  2249442.250000 980692.625000 2998647.750000
  -1811417.750000 217490.468750 3152480.250000
  -509895.750000 2809833.500000 404323.750000
  366124.218750 -67550.468750 -922448.250000
  426989.781250 857613.687500 3902106.000000
  2582083.500000 -46673.296875 1912739.250000
  2644037.750000 -2182446.000000 -382661.000000
  -1022458.812500 1286341.375000 484705.781250
  -1869803.625000 625048.562500 -3489773.750000
  -1555226.875000 209891.109375 3577918.000000
  -1107445.250000 -2730654.500000 -833984.312500
  1670138.000000 -2921130.750000 -2173512.500000
  2001215.500000 1139902.250000 -1184875.375000
  -2973129.250000 -1996389.000000 -446477.906250
  458630.218750 128921.390625 -2932918.750000
  286250.343750 1396077.250000 -2788776.000000
  -1382202.375000 -223146.218750 -1614387.000000
  -653725.187500 -2423559.000000 -1191672.125000
  -1016730.687500 1997136.875000 -919177.562500
  738694.875000 -2794623.000000 -986021.750000
  -2316096.000000 -503380.468750 -294478.156250
  17286.769531 3947926.500000 63223.535156
  3334314.000000 702071.375000 -1037708.625000
  -164246.343750 -3455416.500000 -870529.562500
  946264.687500 1077342.250000 3576114.500000
  2467645.000000 662231.125000 1113103.625000
  -3747921.500000 -344965.375000 -1196859.375000
  -4073708.000000 -243939.906250 553203.125000
  -2075016.125000 -411590.531250 3403093.500000
  -2098097.750000 -2405234.250000 1078652.875000
  -953353.125000 -648831.000000 902490.812500
  814048.500000 -2694982.750000 -2235470.750000
  -1029258.937500 1306594.250000 -1618524.500000
  -1221829.125000 -1317095.125000 1501558.500000
  1173540.750000 2210712.500000 -1555593.000000
  -2384492.250000 2181656.000000 1683016.500000
  -2611866.250000 757102.000000 -1124006.000000
  1055151.125000 -203557.546875 -1965275.375000
  204293.109375 2032087.250000 -2522732.750000
  -169518.687500 -1738248.125000 2922803.750000
  -1863803.750000 -707246.125000 2284842.500000
  1305618.625000 -2538007.000000 271391.593750
  -1759235.875000 2249603.750000 2513655.000000
  -331812.562500 -1193847.000000 239035.890625
  -860280.000000 -479721.750000 3681108.000000
  946299.312500 -659862.312500 2148855.750000
  -948410.000000 -3850037.500000 986824.250000
  471569.937500 -1533158.750000 1114753.500000
  -1056018.875000 2061169.000000 1516593.875000
  1038809.937500 1972582.000000 1144636.500000
  1115583.875000 2787985.250000 2741702.750000
  -2349015.250000 -20690.238281 -3058302.000000
  -677838.937500 -2705354.500000 -544732.062500
  -2581931.250000 -625136.187500 -949646.187500
  59120.210938 -4090147.000000 -412827.062500
  -1612149.500000 2423615.250000 2206817.500000
  -954422.937500 486198.812500 1190154.125000
  963912.500000 -318498.312500 -1912739.375000
  -1539759.125000 -2727496.500000 2149321.500000
  665043.625000 -4062589.750000 214407.359375
  -188047.421875 -2598464.500000 -3055975.750000
  -2477006.250000 -111833.914062 -3050382.750000
  -408842.843750 -1709212.875000 3488171.500000
  -650623.500000 1021220.375000 1735447.125000
  -1082635.875000 1348823.250000 -2849298.000000
  1044890.500000 1724135.500000 -1112615.500000
  -812386.312500 2444325.750000 -773819.437500
  3031242.750000 549323.000000 162811.734375
  -2783014.500000 -2303024.750000 946056.562500
  -391785.125000 -1817354.875000 -3068804.250000
  1500898.000000 1474111.000000 3420938.750000
  -3050772.000000 -399803.281250 -1116003.125000
  142736.640625 1400277.375000 -1127431.750000
  -1317362.500000 -322835.843750 1956465.375000
  -3445162.500000 127963.421875 2200005.750000
  -1386695.125000 544765.812500 2474321.500000
  722707.750000 -3782718.250000 -1011997.750000
  2792423.750000 -309108.250000 -2128293.000000
  -1177937.000000 2044642.875000 -2945572.500000
  -309429.437500 -3336719.750000 2188558.500000
  -543527.062500 1019705.187500 -3851040.000000
  -947610.750000 1299176.500000 1905170.250000
  2896995.000000 261940.296875 2335574.500000
  1667799.250000 -1419020.750000 -2267983.500000
  259949.312500 1883201.125000 121104.242188
  -2213330.000000 -1619367.750000 -881522.437500
  1552435.375000 -831824.375000 3175130.500000
  1442228.000000 2045659.125000 248451.593750
  1205164.000000 -1676896.500000 81378.203125
  1875408.750000 -825527.562500 -1044832.437500
  531387.187500 -285952.625000 -267163.312500
  -389687.187500 1312521.625000 -456966.781250
  -976178.750000 -2088153.625000 -2007749.125000
  439611.031250 -110453.382812 -479796.812500
  1061394.625000 -1050887.375000 -805090.687500
  -2650570.750000 -817256.187500 -306716.343750
  -525190.062500 -938438.937500 1254417.625000
  986960.875000 -54827.597656 3395088.500000
  -2185243.500000 -1857184.250000 2192289.250000
  -526276.750000 -2281112.000000 2833892.750000
  2249442.250000 980689.500000 2998647.750000
  -1811413.375000 217489.687500 3152480.250000
  -509895.750000 2809830.750000 404323.750000
  366122.656250 -67550.859375 -922445.125000
  426988.218750 857610.562500 3902099.750000
  2582083.500000 -46673.296875 1912739.250000
  2644037.750000 -2182446.000000 -382661.000000
  -1022455.687500 1286335.125000 484705.781250
  -1869803.625000 625048.562500 -3489773.750000
  -1555226.875000 209890.328125 3577911.250000
  -1107445.250000 -2730654.500000 -833981.187500
  1670131.750000 -2921130.750000 -2173512.500000
  2001209.250000 1139902.250000 -1184875.375000
  -2973129.250000 -1996382.750000 -446476.343750
  458628.656250 128920.609375 -2932918.750000
  286248.781250 1396077.250000 -2788776.000000
  -1382202.375000 -223146.218750 -1614380.750000
  -653725.187500 -2423559.000000 -1191672.125000
  -1016727.562500 1997130.625000 -919174.437500
  738691.750000 -2794623.000000 -986018.625000
  -2316096.000000 -503380.468750 -294478.156250
  17286.259766 3947914.000000 63223.730469
  3334307.250000 702068.250000 -1037705.500000
  -164246.343750 -3455416.500000 -870526.437500
  946261.562500 1077342.250000 3576114.500000
  2467645.000000 662228.000000 1113103.625000
  -3747909.000000 -344965.375000 -1196859.375000
  -4073695.500000 -243939.906250 553203.125000
  -2075009.875000 -411590.531250 3403093.500000
  -2098097.750000 -2405234.250000 1078652.875000
  -953352.812500 -648831.000000 902490.812500
  814045.375000 -2694982.750000 -2235470.750000
  -1029255.812500 1306588.000000 -1618518.250000
  -1221829.125000 -1317095.125000 1501558.500000
  1173539.875000 2210712.500000 -1555589.375000
  -2384492.250000 2181656.000000 1683016.500000
  -2611866.250000 757098.875000 -1124006.000000
  1055144.875000 -203558.328125 -1965269.125000
  204292.328125 2032081.000000 -2522732.750000
  -169519.468750 -1738248.125000 2922803.750000
  -1863797.500000 -707246.125000 2284842.500000
  1305612.375000 -2538007.000000 271391.593750
  -1759235.875000 2249603.750000 2513655.000000
  -331812.562500 -1193847.000000 239035.890625
  -860280.000000 -479721.750000 3681097.000000
  946296.187500 -659862.312500 2148855.750000
  -948410.000000 -3850029.000000 986824.250000
  471568.375000 -1533158.750000 1114753.500000
  -1056018.875000 2061162.750000 1516593.875000
  1038806.812500 1972575.750000 1144636.500000
  1115583.875000 2787985.250000 2741702.750000
  -2349015.250000 -20690.759766 -3058302.000000
  -677838.937500 -2705354.500000 -544732.062500
  -2581931.250000 -625136.187500 -949643.062500
  59119.625000 -4090134.500000 -412827.062500
  -1612149.500000 2423615.250000 2206817.500000
  -954422.937500 486197.250000 1190154.125000
  963909.375000 -318498.312500 -1912733.125000
  -1539759.125000 -2727496.500000 2149321.500000
 